173,129,107,125,w
171,131,101,125,w
158,134,103,125,w
181,131,100,125,w
177,129,107,125,w
174,131,101,125,w
168,133,101,125,w
185,130,101,125,w
179,129,107,125,w
170,134,101,125,w
176,130,102,125,w
186,130,101,125,w
162,133,105,126,w
180,128,107,126,w
184,130,101,126,w
176,130,103,126,w
182,128,107,126,w
162,133,105,126,w
184,130,102,126,w
176,130,103,126,w
163,133,105,126,w
180,128,107,126,w
185,130,101,126,w
176,130,103,126,w
163,133,105,126,w
180,128,107,126,w
184,130,101,126,w
177,130,102,126,w
162,133,105,126,w
178,129,107,126,w
184,130,102,126,w
174,130,102,126,w
161,133,106,126,w
177,129,108,126,w
183,130,102,126,w
173,131,102,126,w
159,133,107,126,w
176,128,108,126,w
173,131,102,126,w
182,130,102,126,w
175,129,108,126,w
157,133,107,126,w
171,131,103,126,w
180,130,102,126,w
170,130,103,126,w
173,129,108,126,w
178,130,102,126,w
156,133,106,126,w
168,130,105,126,w
175,130,104,126,w
170,129,110,126,w
152,133,108,126,w
167,130,107,126,w
174,130,105,126,w
167,129,111,126,w
147,133,110,126,w
166,130,107,126,w
174,130,105,126,w
168,129,111,126,w
148,133,109,126,w
168,130,105,126,w
175,130,104,126,w
170,129,109,126,w
151,133,107,126,w
173,129,108,126,w
170,130,103,126,w
178,131,102,126,w
155,133,106,126,w
177,129,107,126,w
163,134,103,126,w
182,130,101,126,w
173,131,102,126,w
184,129,106,127,w
179,133,99,127,w
180,131,99,127,w
193,131,98,127,w
180,129,106,126,w
164,133,103,126,w
176,131,100,126,w
186,131,98,126,w
177,129,106,126,w
159,134,104,126,w
173,131,100,126,w
183,131,99,126,w
175,129,106,126,w
157,134,105,126,w
172,131,101,126,w
181,131,99,126,w
174,129,106,126,w
155,133,105,126,w
170,132,101,126,w
179,131,100,126,w
173,129,107,126,w
155,133,106,126,w
169,132,101,126,w
178,131,100,126,w
169,130,107,126,w
166,132,102,126,w
151,134,107,126,w
175,132,100,126,w
168,130,107,126,w
165,132,102,126,w
150,133,107,126,w
174,132,101,126,w
168,130,107,126,w
165,132,103,126,w
150,133,107,126,w
174,132,101,126,w
168,130,107,126,w
166,132,102,126,w
150,133,107,126,w
175,132,101,126,w
169,130,107,126,w
167,132,102,126,w
151,133,106,126,w
175,131,101,126,w
171,129,107,126,w
168,132,101,126,w
153,134,105,126,w
176,131,100,126,w
176,129,106,126,w
160,134,103,126,w
172,131,101,126,w
181,131,100,126,w
181,129,107,126,w
176,133,101,126,w
177,131,101,126,w
186,131,101,126,w
174,133,102,126,w
188,130,101,126,w
185,129,107,126,w
180,130,102,126,w
175,133,103,126,w
190,130,100,126,w
189,128,107,126,w
183,129,102,126,w
173,133,104,126,w
192,130,101,126,w
189,128,107,126,w
183,130,102,126,w
170,133,105,126,w
192,130,101,126,w
189,128,108,126,w
185,129,103,126,w
170,133,105,126,w
193,130,101,126,w
190,129,108,126,w
185,129,103,126,w
171,133,105,126,w
193,130,101,126,w
190,129,108,126,w
185,130,103,126,w
171,133,106,126,w
194,131,101,126,w
191,129,108,126,w
187,130,103,126,w
169,134,107,126,w
196,131,103,126,w
192,128,109,126,w
190,129,104,126,w
170,133,107,126,w
197,131,103,126,w
193,129,109,126,w
190,130,104,126,w
170,133,108,126,w
196,131,102,126,w
191,129,104,126,w
193,129,109,126,w
169,134,106,126,w
195,131,102,126,w
192,128,109,126,w
189,129,104,126,w
170,133,104,126,w
191,130,101,126,w
188,128,107,126,w
183,130,103,126,w
166,134,104,126,w
189,130,101,126,w
185,129,107,126,w
180,130,103,126,w
164,133,104,126,w
181,129,107,126,w
187,130,102,126,w
177,130,103,126,w
179,129,107,126,w
165,133,104,126,w
175,131,102,126,w
185,131,101,126,w
178,129,107,126,w
161,133,105,126,w
174,130,102,126,w
183,130,101,126,w
177,129,107,126,w
174,131,102,126,w
159,133,105,126,w
181,131,101,126,w
177,129,107,126,w
173,131,103,126,w
157,134,105,126,w
181,131,101,126,w
175,129,108,126,w
172,131,103,126,w
157,133,106,126,w
181,131,101,126,w
174,129,108,126,w
171,131,103,126,w
154,133,106,126,w
179,131,101,126,w
169,130,106,126,w
176,130,104,126,w
170,129,111,126,w
151,133,109,126,w
170,130,108,126,w
178,129,107,126,w
170,129,113,126,w
150,132,111,126,w
170,130,110,125,w
178,129,108,125,w
171,129,115,125,w
151,132,112,125,w
170,130,110,125,w
178,129,109,125,w
170,129,116,125,w
151,132,113,125,w
170,130,110,125,w
178,129,109,125,w
171,129,116,125,w
152,132,113,125,w
170,130,109,125,w
178,129,108,125,w
171,129,115,125,w
151,133,111,125,w
170,130,105,126,w
177,131,104,126,w
172,129,109,126,w
154,134,106,126,w
177,129,108,126,w
174,131,102,126,w
159,134,105,126,w
181,131,101,126,w
181,129,106,126,w
178,131,101,126,w
166,134,102,126,w
187,131,99,126,w
188,129,105,126,w
182,133,100,126,w
186,131,99,126,w
198,131,99,126,w
201,131,101,126,w
187,133,101,126,w
192,131,98,126,w
204,130,101,126,w
186,128,106,126,w
181,133,100,126,w
183,130,100,126,w
195,131,99,126,w
185,129,106,126,w
180,133,100,126,w
183,131,100,126,w
194,131,98,126,w
185,129,106,126,w
181,131,101,126,w
174,134,101,126,w
190,132,98,126,w
184,129,106,126,w
173,134,101,126,w
181,131,101,126,w
190,132,98,126,w
180,129,106,126,w
176,131,101,126,w
162,134,102,126,w
183,131,100,126,w
165,113,176,132,y
174,113,173,132,y
170,113,174,132,y
178,115,172,132,y
163,113,174,130,y
175,115,171,130,y
168,113,172,130,y
172,113,173,130,y
163,114,175,130,y
173,113,173,130,y
168,113,172,130,y
175,115,171,130,y
158,114,172,125,y
152,114,174,125,y
163,116,170,125,y
160,114,173,125,y
158,114,173,125,y
153,114,174,125,y
164,115,171,125,y
160,114,173,125,y
158,113,174,124,y
161,114,172,124,y
168,116,169,124,y
165,114,171,124,y
159,113,174,124,y
160,113,172,124,y
168,116,168,124,y
165,114,172,124,y
163,113,173,124,y
168,115,169,124,y
156,114,173,124,y
164,114,172,124,y
159,113,174,124,y
160,113,172,124,y
165,113,172,124,y
167,115,169,124,y
161,114,172,124,y
168,115,170,124,y
156,114,172,124,y
163,114,172,124,y
161,114,172,124,y
157,114,172,124,y
168,115,170,124,y
165,114,172,124,y
158,113,174,124,y
161,114,172,124,y
165,113,172,124,y
168,115,171,124,y
167,115,170,124,y
160,114,172,124,y
156,114,172,124,y
163,114,172,124,y
162,114,173,124,y
168,115,171,124,y
157,114,172,124,y
165,113,173,124,y
158,114,174,124,y
169,115,169,124,y
165,114,172,124,y
162,114,172,124,y
170,115,170,124,y
167,113,173,124,y
166,113,172,124,y
160,113,174,124,y
171,115,170,124,y
168,113,172,124,y
167,113,171,124,y
161,113,174,124,y
173,112,175,124,y
174,115,172,124,y
163,113,175,124,y
169,113,173,124,y
176,115,172,124,y
173,113,174,124,y
165,113,175,124,y
172,113,173,124,y
178,115,174,124,y
176,113,175,124,y
169,113,176,124,y
175,113,174,124,y
179,115,174,124,y
176,113,176,124,y
170,113,176,124,y
175,113,174,124,y
179,115,174,124,y
177,113,176,124,y
171,112,177,124,y
176,113,174,124,y
180,115,174,124,y
178,113,176,124,y
171,112,178,124,y
176,113,175,124,y
179,112,177,124,y
180,115,174,124,y
171,113,177,124,y
177,113,175,124,y
179,113,177,124,y
181,115,175,124,y
171,113,177,124,y
177,113,176,124,y
180,113,176,124,y
181,115,175,124,y
173,113,177,124,y
178,113,176,124,y
180,113,176,124,y
182,115,175,124,y
173,113,177,124,y
178,113,176,124,y
180,113,177,124,y
181,115,175,124,y
172,113,177,124,y
178,113,176,124,y
181,113,177,124,y
181,115,175,124,y
173,113,177,124,y
178,113,176,124,y
180,113,176,124,y
182,115,174,124,y
173,113,177,124,y
178,113,176,124,y
179,113,177,124,y
181,115,175,124,y
171,113,177,124,y
177,113,175,124,y
177,115,173,124,y
174,113,175,124,y
167,113,175,124,y
171,113,173,124,y
153,114,173,124,y
155,114,171,124,y
160,114,171,124,y
161,116,171,124,y
152,114,174,124,y
155,114,171,124,y
159,114,172,124,y
160,116,170,124,y
151,115,174,124,y
154,114,172,124,y
157,114,172,124,y
159,116,170,124,y
150,115,174,124,y
154,115,172,124,y
157,114,171,124,y
158,116,170,124,y
150,115,175,124,y
153,114,172,124,y
157,115,172,124,y
159,116,170,124,y
150,115,174,124,y
153,114,172,124,y
157,115,172,124,y
158,116,170,124,y
150,115,175,124,y
153,115,172,124,y
157,115,172,124,y
158,116,170,124,y
150,115,174,124,y
153,115,172,124,y
156,115,172,124,y
158,116,171,124,y
150,115,174,124,y
152,115,172,124,y
156,115,173,124,y
158,116,170,124,y
149,115,174,124,y
152,115,171,124,y
156,115,173,124,y
158,116,170,124,y
150,115,175,124,y
151,115,172,124,y
155,115,173,124,y
157,116,170,124,y
150,115,175,124,y
152,115,172,124,y
156,115,173,124,y
157,116,170,124,y
150,115,175,124,y
152,115,173,124,y
156,115,173,124,y
157,117,170,124,y
150,115,175,124,y
151,115,172,124,y
155,115,173,124,y
157,116,171,124,y
149,115,174,124,y
151,115,172,124,y
154,115,173,124,y
156,117,171,124,y
148,115,175,124,y
150,115,172,124,y
153,115,173,124,y
155,116,171,124,y
148,115,174,124,y
150,115,173,124,y
153,115,173,124,y
154,117,171,124,y
148,115,175,124,y
149,115,172,124,y
154,115,174,124,y
154,117,171,124,y
148,115,175,124,y
149,115,172,124,y
154,115,174,124,y
154,117,171,124,y
148,115,175,124,y
149,115,172,124,y
154,115,174,124,y
154,117,171,124,y
148,115,174,124,y
149,115,172,124,y
154,115,174,124,y
154,117,171,124,y
147,116,174,123,y
149,116,172,123,y
153,115,174,123,y
154,117,172,123,y
147,115,174,124,y
149,115,173,124,y
153,115,173,124,y
154,117,172,124,y
147,116,175,124,y
148,115,173,124,y
152,115,173,124,y
154,117,172,124,y
147,115,175,124,y
149,115,172,124,y
153,115,174,124,y
154,117,171,124,y
148,115,174,124,y
149,115,173,124,y
154,115,173,124,y
154,117,171,124,y
152,114,174,124,y
158,114,172,124,y
155,115,170,124,y
160,116,171,124,y
164,113,174,124,y
158,114,176,124,y
166,116,173,124,y
160,114,173,124,y
168,114,175,124,y
162,114,176,124,y
169,116,173,124,y
165,114,174,124,y
170,114,175,124,y
163,114,177,124,y
171,116,174,124,y
167,113,176,124,y
173,113,176,124,y
166,113,177,124,y
173,116,174,124,y
169,114,175,124,y
177,113,177,124,y
178,115,176,124,y
170,114,178,124,y
173,114,176,124,y
177,114,178,124,y
179,116,176,124,y
170,114,178,124,y
174,114,177,124,y
179,114,177,124,y
179,115,176,124,y
172,114,179,124,y
175,114,178,124,y
179,114,178,124,y
179,116,176,124,y
172,113,179,124,y
176,113,178,124,y
179,114,177,124,y
180,116,176,124,y
173,114,179,124,y
177,114,177,124,y
180,114,178,124,y
180,116,177,124,y
173,113,179,124,y
176,114,178,124,y
180,114,178,124,y
181,116,176,124,y
174,114,179,124,y
177,114,178,124,y
180,114,177,124,y
181,116,176,124,y
174,114,179,124,y
177,114,178,124,y
181,114,178,124,y
181,116,177,124,y
175,114,179,124,y
178,114,178,124,y
181,114,178,124,y
181,116,176,124,y
176,114,180,124,y
179,114,178,124,y
181,114,178,124,y
176,114,179,124,y
181,116,177,124,y
178,114,178,124,y
176,116,177,124,y
171,116,178,124,y
173,118,176,124,y
171,116,178,124,y
176,116,177,124,y
173,116,178,124,y
174,118,176,124,y
171,116,178,124,y
178,116,177,124,y
174,116,179,124,y
175,118,176,124,y
172,116,178,124,y
178,116,177,124,y
174,116,178,124,y
174,118,175,124,y
172,116,178,124,y
178,116,177,124,y
174,116,178,124,y
175,118,176,124,y
172,116,178,124,y
179,116,177,124,y
174,116,178,124,y
175,118,175,124,y
172,116,178,124,y
175,116,178,124,y
178,116,176,124,y
175,118,176,124,y
173,117,178,124,y
179,116,176,124,y
175,116,178,124,y
176,118,175,124,y
173,117,177,124,y
179,116,176,124,y
175,117,178,124,y
176,118,176,124,y
173,117,178,124,y
177,116,176,124,y
172,116,178,124,y
173,118,176,124,y
171,116,177,124,y
174,116,177,124,y
169,116,178,124,y
171,118,176,124,y
168,116,178,124,y
166,114,170,125,y
176,117,159,125,y
161,113,173,125,y
171,114,169,125,y
166,113,170,125,y
176,116,161,125,y
161,113,173,125,y
171,114,168,125,y
165,113,171,125,y
175,116,162,125,y
161,113,173,125,y
171,113,168,125,y
165,113,170,125,y
175,116,163,125,y
161,113,173,125,y
171,113,168,125,y
165,114,170,125,y
175,116,163,125,y
161,113,173,125,y
171,114,168,125,y
166,113,171,125,y
174,116,164,125,y
161,113,173,125,y
171,113,168,125,y
165,114,170,125,y
174,116,164,125,y
161,113,173,125,y
171,113,168,125,y
166,113,171,125,y
174,116,164,125,y
161,113,173,125,y
171,113,168,125,y
165,114,170,125,y
174,116,165,125,y
161,113,172,125,y
171,114,167,125,y
166,113,171,125,y
175,116,164,125,y
161,113,173,125,y
172,114,167,125,y
166,113,170,125,y
174,116,164,125,y
162,113,173,125,y
172,114,167,125,y
167,113,171,125,y
174,116,165,125,y
162,113,173,125,y
172,114,167,125,y
169,114,168,125,y
178,117,160,125,y
164,113,172,125,y
174,114,167,125,y
173,114,165,125,y
185,119,150,125,y
165,113,171,125,y
176,114,166,125,y
173,114,164,125,y
187,118,148,125,y
166,113,171,125,y
177,114,165,125,y
174,114,164,125,y
187,119,148,125,y
166,113,170,125,y
178,114,164,125,y
173,114,163,125,y
187,119,148,125,y
166,113,171,125,y
177,114,164,125,y
168,113,169,125,y
180,117,155,125,y
163,113,172,125,y
173,113,168,125,y
193,119,148,125,y
194,117,150,125,y
192,119,144,125,y
190,117,148,125,y
193,119,146,125,y
195,117,149,125,y
193,119,143,125,y
190,117,147,125,y
193,120,142,125,y
189,118,146,125,y
194,119,143,125,y
182,115,155,125,y
193,120,143,125,y
189,118,147,125,y
194,119,144,125,y
183,116,152,125,y
192,120,145,125,y
188,118,147,125,y
194,119,145,125,y
186,117,149,125,y
192,120,146,125,y
188,118,148,125,y
194,119,145,125,y
186,117,149,125,y
191,120,147,125,y
188,117,150,125,y
194,118,146,125,y
187,117,149,125,y
191,120,147,125,y
188,117,150,125,y
194,118,147,125,y
187,117,149,125,y
192,120,147,125,y
187,117,151,125,y
194,118,147,125,y
187,117,149,125,y
191,119,148,125,y
188,117,151,125,y
194,118,147,125,y
187,117,149,125,y
191,120,144,125,y
185,117,150,125,y
191,118,148,125,y
177,114,161,125,y
173,114,165,125,y
184,119,149,125,y
169,113,171,125,y
180,114,165,125,y
171,114,168,124,y
179,117,158,124,y
168,113,172,124,y
178,114,167,124,y
169,114,170,124,y
175,116,164,124,y
166,113,172,124,y
176,114,168,124,y
167,113,171,124,y
172,116,167,124,y
165,113,173,124,y
174,114,169,124,y
166,114,171,123,y
172,116,169,123,y
164,113,173,123,y
173,113,170,123,y
165,114,171,123,y
169,116,170,123,y
163,114,173,123,y
172,114,171,123,y
163,114,172,123,y
161,114,174,123,y
167,116,171,123,y
169,114,172,123,y
160,115,171,123,y
159,114,173,123,y
164,116,171,123,y
167,114,172,123,y
154,116,172,123,y
153,116,174,123,y
156,118,170,123,y
159,116,172,123,y
166,114,171,123,y
171,116,167,123,y
165,113,173,123,y
174,114,169,123,y
183,118,152,123,y
171,114,168,123,y
185,116,157,123,y
170,113,171,123,y
174,114,166,124,y
188,120,144,124,y
189,117,151,124,y
174,114,167,124,y
193,121,140,124,y
185,117,152,124,y
193,118,147,124,y
184,116,153,124,y
194,119,146,124,y
196,117,151,124,y
193,119,143,124,y
191,117,148,124,y
194,119,148,124,y
196,116,152,124,y
194,118,145,124,y
192,117,150,124,y
195,119,150,123,y
196,116,153,123,y
194,118,146,123,y
192,116,150,123,y
192,117,158,123,y
194,115,163,123,y
194,116,152,123,y
191,115,156,123,y
193,117,157,123,y
194,115,161,123,y
194,116,151,123,y
191,115,156,123,y
193,118,155,124,y
195,116,158,124,y
194,117,150,124,y
192,115,154,124,y
194,118,151,124,y
196,116,155,124,y
194,118,147,124,y
191,116,151,124,y
193,122,139,124,y
178,115,163,124,y
195,119,143,124,y
180,115,158,124,y
191,121,142,124,y
177,114,165,124,y
193,119,145,124,y
176,114,165,124,y
188,119,147,124,y
177,114,165,124,y
191,118,149,124,y
174,113,167,124,y
178,115,162,124,y
189,120,145,124,y
189,117,152,124,y
175,113,168,124,y
193,121,141,124,y
187,118,148,124,y
191,117,149,124,y
177,114,164,124,y
193,120,144,124,y
188,118,149,124,y
195,118,146,124,y
184,116,155,124,y
192,120,142,124,y
183,116,154,124,y
191,117,150,124,y
176,114,166,124,y
191,120,143,124,y
176,114,165,124,y
193,119,145,124,y
177,114,165,124,y
189,120,143,124,y
175,114,166,124,y
191,118,147,124,y
175,114,166,124,y
188,120,145,123,y
174,114,167,123,y
188,116,155,123,y
173,114,169,123,y
184,119,151,123,y
181,114,166,123,y
172,114,169,123,y
171,113,172,123,y
176,117,164,123,y
178,114,171,123,y
170,114,171,123,y
170,113,173,123,y
178,114,172,123,y
170,114,174,123,y
174,116,168,123,y
169,114,172,123,y
177,114,172,122,y
169,114,175,122,y
173,117,170,122,y
168,114,172,122,y
169,114,175,122,y
175,114,174,122,y
170,117,173,122,y
169,115,174,122,y
170,115,177,122,y
176,115,175,122,y
172,118,173,122,y
170,115,175,122,y
171,115,177,122,y
177,115,175,122,y
171,115,176,122,y
172,118,174,122,y
173,115,178,122,y
179,116,176,122,y
174,118,173,122,y
173,115,177,122,y
179,116,176,122,y
173,115,178,122,y
175,118,174,122,y
174,115,177,122,y
180,116,176,122,y
174,115,178,122,y
176,117,175,122,y
175,115,178,122,y
181,116,176,122,y
175,115,178,122,y
177,118,174,122,y
176,115,178,122,y
181,116,175,122,y
175,116,177,122,y
178,118,175,122,y
177,116,178,122,y
181,116,175,122,y
175,116,178,122,y
177,118,174,122,y
177,115,178,122,y
180,116,175,122,y
175,116,178,122,y
176,118,174,122,y
176,115,178,122,y
175,116,178,122,y
180,116,175,122,y
177,118,174,122,y
175,116,178,122,y
180,116,176,122,y
174,115,178,122,y
175,115,178,122,y
175,118,174,122,y
179,115,176,122,y
173,116,177,122,y
176,118,175,122,y
174,115,177,122,y
173,115,178,122,y
178,116,176,122,y
174,118,175,122,y
173,115,177,122,y
169,115,177,122,y
175,115,176,122,y
170,115,176,122,y
171,118,174,122,y
165,115,175,122,y
172,115,174,122,y
165,115,174,122,y
168,118,172,122,y
165,115,175,122,y
171,115,174,122,y
164,115,173,122,y
167,117,172,122,y
164,115,175,122,y
170,115,173,122,y
163,115,173,122,y
166,117,172,122,y
164,115,175,122,y
170,115,173,122,y
163,115,173,122,y
165,117,172,122,y
163,115,175,122,y
169,115,173,122,y
162,115,172,122,y
165,117,171,122,y
163,115,174,122,y
163,114,173,122,y
169,115,172,122,y
166,117,171,122,y
163,114,173,122,y
163,114,171,122,y
170,114,172,122,y
166,117,170,122,y
165,114,172,122,y
164,114,171,122,y
168,116,170,122,y
171,114,172,122,y
165,114,172,122,y
165,113,173,122,y
168,116,170,122,y
172,114,172,122,y
164,114,172,122,y
165,114,173,122,y
168,117,170,122,y
172,114,171,122,y
164,114,172,122,y
164,114,173,122,y
168,117,170,122,y
171,114,172,122,y
163,114,173,122,y
163,114,172,122,y
166,116,171,122,y
171,114,172,122,y
82,173,143,117,r
92,172,134,117,r
81,173,140,117,r
99,168,123,117,r
83,174,142,117,r
93,172,134,117,r
100,168,122,117,r
82,173,139,117,r
83,174,142,117,r
82,173,140,117,r
93,172,134,117,r
99,169,122,117,r
83,174,142,117,r
91,173,135,117,r
81,173,141,117,r
99,168,122,117,r
83,174,142,117,r
91,172,135,117,r
81,173,140,117,r
98,169,122,117,r
83,173,142,117,r
91,173,136,117,r
81,174,141,117,r
98,169,122,117,r
83,174,142,117,r
91,173,136,117,r
81,173,142,117,r
98,169,123,117,r
82,173,143,117,r
90,173,136,117,r
80,174,142,117,r
94,170,125,117,r
79,173,146,115,r
76,174,147,115,r
85,173,142,115,r
79,175,145,115,r
82,173,143,115,r
90,173,137,115,r
79,174,143,115,r
86,173,137,115,r
84,174,142,116,r
92,172,135,116,r
94,171,127,116,r
80,174,142,116,r
84,174,143,116,r
92,173,135,116,r
94,170,127,116,r
80,173,142,116,r
84,173,142,116,r
93,172,135,116,r
81,173,142,116,r
96,169,125,116,r
84,174,142,116,r
92,173,134,116,r
81,173,141,116,r
96,169,125,116,r
83,174,143,115,r
90,173,137,115,r
79,174,144,115,r
86,174,138,115,r
83,174,143,115,r
91,173,136,115,r
88,173,136,115,r
80,174,144,115,r
84,173,144,115,r
91,173,135,115,r
80,174,144,115,r
88,173,136,115,r
83,174,142,115,r
91,173,135,115,r
80,174,144,115,r
88,173,137,115,r
83,173,143,115,r
92,172,135,115,r
80,174,144,115,r
89,173,136,115,r
84,174,142,115,r
94,171,132,115,r
81,174,143,115,r
90,173,135,115,r
85,174,141,116,r
97,170,129,116,r
82,174,142,116,r
91,172,134,116,r
84,173,144,115,r
82,174,144,115,r
92,172,136,115,r
87,174,141,115,r
81,174,145,115,r
83,173,144,115,r
90,173,138,115,r
86,173,142,115,r
83,174,143,115,r
81,174,146,115,r
91,173,138,115,r
86,174,142,115,r
83,173,144,115,r
81,174,146,115,r
86,174,143,115,r
90,173,139,115,r
81,174,146,115,r
83,173,145,115,r
86,174,143,115,r
90,173,139,115,r
83,173,145,115,r
81,174,145,115,r
89,174,139,115,r
86,174,143,115,r
81,174,147,115,r
83,174,144,115,r
86,174,143,115,r
89,173,140,115,r
81,174,146,115,r
86,174,144,115,r
82,173,143,115,r
89,173,141,115,r
80,174,145,115,r
86,174,145,115,r
82,173,144,115,r
88,173,141,115,r
81,174,147,115,r
86,174,145,115,r
82,173,143,115,r
88,173,141,115,r
81,174,146,115,r
85,173,145,115,r
82,173,143,115,r
88,173,142,115,r
81,174,146,115,r
85,174,145,115,r
83,172,143,115,r
88,173,142,115,r
81,174,147,115,r
85,174,145,115,r
83,172,143,115,r
88,173,143,115,r
81,174,147,115,r
85,174,145,115,r
83,172,142,115,r
88,173,141,115,r
81,174,147,115,r
85,174,146,115,r
84,172,141,115,r
88,173,141,115,r
81,174,148,115,r
84,174,146,115,r
84,172,142,115,r
88,172,142,115,r
81,174,149,115,r
84,174,146,115,r
84,172,142,115,r
88,173,141,115,r
82,174,149,115,r
84,174,146,115,r
84,172,142,115,r
89,173,142,115,r
81,174,149,115,r
84,174,147,115,r
83,172,143,115,r
89,173,142,115,r
82,173,148,115,r
84,174,147,115,r
83,172,145,115,r
88,173,143,115,r
82,174,148,115,r
85,174,147,115,r
83,172,145,115,r
88,173,142,115,r
82,174,149,115,r
84,174,146,115,r
84,172,143,115,r
89,173,142,115,r
82,174,146,115,r
86,174,145,115,r
84,173,144,115,r
90,173,140,115,r
81,173,143,115,r
89,173,138,115,r
79,173,145,115,r
85,174,139,115,r
81,173,143,114,r
88,173,137,114,r
79,173,144,114,r
84,173,140,114,r
81,173,144,114,r
79,173,144,114,r
88,174,138,114,r
84,174,140,114,r
84,173,142,114,r
92,173,134,114,r
82,173,142,114,r
91,172,133,114,r
84,173,142,114,r
92,173,134,114,r
83,173,141,114,r
93,171,131,114,r
84,173,142,116,r
93,172,133,116,r
83,173,141,116,r
97,170,127,116,r
85,173,140,116,r
86,172,139,116,r
96,171,130,116,r
104,167,122,116,r
93,175,139,118,r
116,166,119,118,r
108,167,121,118,r
88,174,142,118,r
93,175,138,118,r
117,166,119,118,r
110,166,121,118,r
89,174,141,118,r
93,175,138,118,r
116,166,119,118,r
108,166,122,118,r
89,174,141,118,r
93,174,138,118,r
116,167,119,118,r
108,167,121,118,r
88,174,141,118,r
92,174,139,118,r
115,166,118,118,r
106,167,122,118,r
88,174,142,118,r
90,175,140,116,r
103,170,127,116,r
94,171,133,116,r
87,174,143,116,r
88,174,142,115,r
85,173,144,115,r
88,173,140,115,r
96,172,134,115,r
85,173,146,115,r
87,174,144,115,r
92,172,138,115,r
84,173,143,115,r
87,174,144,114,r
85,172,146,114,r
92,172,139,114,r
84,172,143,114,r
84,173,146,114,r
87,173,144,114,r
91,172,140,114,r
84,172,143,114,r
83,173,146,114,r
86,174,144,114,r
84,171,141,114,r
91,172,139,114,r
83,173,146,114,r
86,174,144,114,r
91,172,139,114,r
84,172,142,114,r
84,173,142,115,r
84,173,144,115,r
89,173,141,115,r
94,172,135,115,r
86,174,142,117,r
99,172,127,117,r
85,173,141,117,r
92,173,133,117,r
85,174,142,115,r
91,174,136,115,r
83,173,143,115,r
89,173,137,115,r
85,174,142,115,r
92,174,136,115,r
84,174,142,115,r
90,173,136,115,r
86,173,142,115,r
95,173,132,115,r
85,174,141,115,r
92,173,134,115,r
88,175,142,114,r
86,174,146,114,r
94,174,137,114,r
89,173,141,114,r
82,173,144,114,r
82,173,144,114,r
90,174,137,114,r
88,173,141,114,r
82,173,145,114,r
82,173,143,114,r
88,173,141,114,r
89,173,138,114,r
80,172,143,114,r
80,173,144,114,r
87,173,138,114,r
87,172,140,114,r
81,173,144,114,r
80,173,143,114,r
88,173,138,114,r
87,172,140,114,r
81,173,144,114,r
81,172,145,114,r
88,172,140,114,r
89,173,137,114,r
89,172,140,114,r
85,172,143,114,r
84,173,141,114,r
96,171,132,114,r
89,174,140,114,r
85,173,144,114,r
96,172,133,114,r
88,172,139,114,r
89,174,141,114,r
85,173,144,114,r
96,172,133,114,r
88,172,139,114,r
81,173,144,114,r
81,173,145,114,r
88,172,140,114,r
89,173,138,114,r
80,173,143,114,r
81,173,144,114,r
87,172,140,114,r
88,173,138,114,r
79,172,144,114,r
79,173,144,114,r
85,174,140,114,r
84,173,142,114,r
78,172,144,114,r
78,173,144,114,r
85,173,140,114,r
83,173,142,114,r
78,173,144,114,r
78,173,145,114,r
84,173,140,114,r
82,173,142,114,r
78,172,144,114,r
78,172,145,114,r
84,173,140,114,r
82,173,143,114,r
76,171,144,114,r
76,172,146,114,r
82,172,141,114,r
81,173,142,114,r
75,171,144,115,r
75,172,146,115,r
81,172,142,115,r
80,172,143,115,r
77,172,144,115,r
77,172,144,115,r
84,173,141,115,r
82,173,142,115,r
79,172,144,115,r
79,173,144,115,r
86,173,138,115,r
85,173,142,115,r
82,173,143,115,r
82,172,144,115,r
89,172,140,115,r
91,172,136,115,r
81,173,143,114,r
82,173,144,114,r
89,173,140,114,r
90,173,137,114,r
83,173,144,113,r
82,173,144,113,r
89,172,140,113,r
91,173,137,113,r
93,172,137,114,r
86,173,140,114,r
88,172,140,114,r
99,170,130,114,r
86,173,141,114,r
93,172,136,114,r
88,172,141,114,r
99,170,130,114,r
105,155,168,117,o
108,156,169,117,o
116,155,166,117,o
110,154,168,117,o
105,154,167,119,o
108,156,170,119,o
110,153,169,119,o
116,154,167,119,o
105,154,166,118,o
111,153,169,118,o
107,156,169,118,o
116,154,167,118,o
105,154,167,119,o
111,154,169,119,o
108,156,170,119,o
116,154,167,119,o
104,154,167,119,o
108,155,170,119,o
116,155,168,119,o
109,154,168,119,o
105,154,168,119,o
110,154,168,119,o
108,155,170,119,o
116,154,167,119,o
105,154,167,119,o
108,156,170,119,o
110,154,169,119,o
116,155,167,119,o
105,154,167,119,o
108,156,169,119,o
110,154,169,119,o
116,154,167,119,o
105,154,167,119,o
108,155,170,119,o
111,154,170,119,o
116,154,167,119,o
105,154,167,119,o
111,153,168,119,o
109,155,170,119,o
117,154,166,119,o
115,154,172,119,o
121,156,170,119,o
109,156,173,119,o
115,157,172,119,o
116,155,171,119,o
122,156,171,119,o
110,156,173,119,o
115,157,172,119,o
117,155,171,119,o
122,156,170,119,o
111,156,174,119,o
116,156,173,119,o
117,155,171,119,o
122,156,169,119,o
110,156,174,119,o
116,156,173,119,o
116,155,171,119,o
122,156,170,119,o
110,156,173,119,o
115,157,173,119,o
116,155,171,119,o
121,156,170,119,o
110,156,173,119,o
115,156,172,119,o
107,155,173,120,o
112,154,170,120,o
108,156,171,120,o
116,154,168,120,o
107,156,173,120,o
111,154,171,120,o
110,156,172,120,o
116,155,169,120,o
107,155,172,120,o
111,155,171,120,o
110,156,172,120,o
116,155,169,120,o
107,156,172,120,o
111,154,171,120,o
109,156,171,120,o
116,154,169,120,o
107,156,172,120,o
111,154,171,120,o
110,156,171,120,o
116,154,168,120,o
106,156,172,121,o
111,154,171,121,o
108,156,172,121,o
115,154,169,121,o
106,155,172,121,o
112,154,170,121,o
107,156,171,121,o
114,155,169,121,o
106,155,171,120,o
111,154,170,120,o
107,156,170,120,o
113,155,169,120,o
104,155,171,121,o
109,154,171,121,o
113,155,169,121,o
107,155,168,121,o
104,156,170,121,o
109,154,169,121,o
108,155,167,121,o
114,154,169,121,o
105,155,169,120,o
108,154,169,120,o
114,155,168,120,o
108,155,168,120,o
112,155,169,120,o
122,154,159,120,o
104,155,170,120,o
112,154,168,120,o
114,155,168,120,o
106,156,170,120,o
125,153,156,120,o
114,154,165,120,o
114,156,168,120,o
106,156,170,120,o
124,153,156,120,o
113,154,164,120,o
114,156,168,120,o
125,153,156,120,o
106,156,170,120,o
114,154,164,120,o
114,155,168,120,o
125,154,156,120,o
106,156,171,120,o
114,154,164,120,o
115,156,169,120,o
126,153,156,120,o
106,156,170,120,o
115,153,163,120,o
115,155,168,120,o
126,154,155,120,o
106,155,170,120,o
115,154,163,120,o
115,156,168,119,o
126,153,155,119,o
107,156,170,119,o
116,153,163,119,o
117,155,167,120,o
129,153,152,120,o
109,156,170,120,o
120,152,157,120,o
118,156,168,120,o
129,153,153,120,o
109,155,169,120,o
120,153,157,120,o
118,155,167,120,o
129,153,153,120,o
109,155,169,120,o
119,153,157,120,o
119,156,166,120,o
130,153,152,120,o
110,155,169,120,o
121,153,157,120,o
119,155,166,120,o
130,153,152,120,o
110,155,169,120,o
120,153,157,120,o
119,155,166,120,o
130,154,152,120,o
110,155,169,120,o
120,153,157,120,o
120,155,165,120,o
131,153,151,120,o
110,155,169,120,o
121,153,157,120,o
120,155,164,120,o
130,153,152,120,o
110,155,168,120,o
120,153,158,120,o
120,155,165,120,o
130,153,153,120,o
110,155,169,120,o
120,153,159,120,o
120,155,164,120,o
130,153,152,120,o
110,155,168,120,o
120,153,159,120,o
121,155,163,120,o
130,153,152,120,o
111,155,168,120,o
120,153,159,120,o
129,154,156,119,o
118,154,168,119,o
125,154,159,119,o
114,155,169,119,o
128,154,159,119,o
118,155,168,119,o
124,155,162,119,o
114,154,169,119,o
118,155,168,119,o
126,155,161,119,o
123,155,164,119,o
114,155,170,119,o
120,155,171,119,o
126,156,168,119,o
114,156,172,119,o
120,157,171,119,o
120,155,171,119,o
126,156,169,119,o
114,156,173,119,o
121,156,172,119,o
107,155,167,119,o
112,156,169,119,o
112,154,168,119,o
118,155,166,119,o
105,154,168,120,o
110,156,169,120,o
115,155,167,120,o
110,154,166,120,o
105,154,169,120,o
109,156,169,120,o
110,153,165,120,o
114,155,167,120,o
102,156,170,121,o
106,155,170,121,o
107,154,167,121,o
112,155,168,121,o
102,156,170,120,o
106,156,169,120,o
112,154,168,120,o
106,154,166,120,o
101,156,170,121,o
106,156,170,121,o
112,154,167,121,o
106,154,167,121,o
101,156,170,121,o
105,155,169,121,o
106,154,167,121,o
111,154,168,121,o
100,156,170,122,o
104,155,169,122,o
105,154,167,122,o
110,155,168,122,o
99,156,170,122,o
104,155,170,122,o
105,154,167,122,o
110,155,168,122,o
99,156,170,122,o
104,156,169,122,o
104,154,168,122,o
110,154,168,122,o
99,156,170,122,o
104,156,170,122,o
104,154,168,122,o
110,155,169,122,o
100,156,170,122,o
105,156,169,122,o
105,154,167,122,o
110,155,168,122,o
101,156,170,121,o
105,156,169,121,o
106,154,167,121,o
111,154,168,121,o
102,155,169,120,o
107,155,169,120,o
107,154,167,120,o
112,155,167,120,o
103,155,169,120,o
108,155,169,120,o
108,153,166,120,o
113,155,167,120,o
104,155,168,120,o
110,153,166,120,o
109,155,169,120,o
115,154,168,120,o
105,155,168,120,o
110,155,170,120,o
110,154,168,120,o
116,155,168,120,o
106,154,168,120,o
111,154,169,120,o
110,155,169,120,o
117,155,167,120,o
117,155,171,119,o
124,156,169,119,o
112,157,173,119,o
118,157,172,119,o
119,155,171,119,o
125,156,170,119,o
114,157,173,119,o
119,157,172,119,o
120,156,173,119,o
126,156,171,119,o
115,157,173,119,o
120,157,172,119,o
120,156,173,119,o
126,156,171,119,o
115,157,174,119,o
121,157,173,119,o
121,156,173,119,o
127,157,171,119,o
115,157,174,119,o
121,157,173,119,o
121,156,173,119,o
126,157,172,119,o
115,157,174,119,o
121,157,172,119,o
121,156,173,119,o
126,156,171,119,o
115,157,173,119,o
121,157,172,119,o
120,156,172,119,o
126,156,170,119,o
114,156,174,119,o
120,156,173,119,o
119,156,172,119,o
125,156,170,119,o
113,157,173,119,o
119,157,172,119,o
118,156,172,119,o
113,157,174,119,o
125,156,170,119,o
118,157,173,119,o
119,156,173,119,o
113,156,174,119,o
124,156,170,119,o
118,157,173,119,o
117,155,171,120,o
113,156,174,120,o
121,156,170,120,o
117,157,173,120,o
120,155,165,120,o
119,154,167,120,o
128,153,158,120,o
111,155,170,120,o
118,156,167,119,o
127,154,158,119,o
109,156,169,119,o
118,153,163,119,o
117,156,169,119,o
125,154,161,119,o
108,156,170,119,o
116,154,164,119,o
116,156,168,119,o
123,154,162,119,o
108,156,170,119,o
115,154,165,119,o
116,155,169,119,o
123,155,163,119,o
108,156,170,119,o
115,154,167,119,o
116,156,168,119,o
123,154,161,119,o
107,156,170,119,o
114,154,165,119,o
107,156,171,121,o
113,154,170,121,o
113,155,168,121,o
119,154,167,121,o
108,156,171,120,o
113,154,170,120,o
120,154,167,120,o
114,155,168,120,o
108,155,171,120,o
113,155,170,120,o
120,154,167,120,o
114,154,168,120,o
104,156,170,120,o
109,154,169,120,o
110,155,169,120,o
115,154,166,120,o
104,156,171,120,o
108,155,168,120,o
109,155,169,120,o
115,153,164,120,o
104,156,171,120,o
109,155,168,120,o
108,154,168,120,o
115,154,164,120,o
105,156,170,120,o
109,155,169,120,o
111,155,167,120,o
115,155,166,120,o
115,154,170,120,o
108,156,171,120,o
122,154,167,120,o
114,156,170,120,o
114,154,170,120,o
109,156,171,120,o
122,155,167,120,o
114,156,169,120,o
118,154,168,119,o
110,156,170,119,o
125,154,164,119,o
117,156,169,119,o
113,93,141,122,g
109,93,142,122,g
104,92,144,122,g
118,94,140,122,g
116,94,139,121,g
128,96,134,121,g
110,93,141,121,g
127,99,129,121,g
116,93,140,121,g
126,96,135,121,g
110,93,141,121,g
125,98,130,121,g
113,94,140,119,g
108,92,142,119,g
123,95,136,119,g
115,94,139,119,g
113,94,140,118,g
107,93,143,118,g
122,95,136,118,g
114,93,140,118,g
112,94,140,118,g
106,93,143,118,g
121,95,137,118,g
113,93,140,118,g
111,94,140,118,g
106,92,143,118,g
120,94,138,118,g
112,93,140,118,g
109,94,141,118,g
104,93,144,118,g
117,94,139,118,g
111,93,140,118,g
108,94,141,118,g
103,93,143,118,g
117,94,140,118,g
110,93,141,118,g
107,94,142,118,g
103,94,143,118,g
114,94,140,118,g
109,93,140,118,g
107,94,142,118,g
102,93,144,118,g
115,94,141,118,g
109,94,140,118,g
107,94,142,118,g
102,93,144,118,g
115,94,140,118,g
109,94,140,118,g
106,94,142,118,g
102,93,143,118,g
114,94,140,118,g
109,94,140,118,g
106,95,141,118,g
102,93,143,118,g
114,94,140,118,g
109,94,140,118,g
106,95,141,118,g
102,93,144,118,g
114,94,140,118,g
109,93,141,118,g
107,94,142,118,g
102,94,143,118,g
114,94,140,118,g
108,93,141,118,g
106,94,142,118,g
102,94,143,118,g
114,94,140,118,g
108,94,140,118,g
108,94,141,118,g
104,93,144,118,g
116,94,140,118,g
110,93,140,118,g
109,94,141,118,g
105,94,142,118,g
117,94,139,118,g
112,93,141,118,g
110,94,141,118,g
106,93,143,118,g
120,94,139,118,g
113,93,141,118,g
112,94,141,118,g
106,93,142,118,g
121,95,138,118,g
115,94,140,118,g
112,94,141,118,g
107,93,142,118,g
123,95,137,118,g
115,94,140,118,g
118,94,140,119,g
118,92,141,119,g
128,96,135,119,g
112,93,142,119,g
119,92,141,119,g
128,96,135,119,g
119,94,140,119,g
113,93,142,119,g
118,92,141,119,g
119,94,140,119,g
127,96,136,119,g
113,93,141,119,g
119,92,141,119,g
120,94,139,119,g
127,96,135,119,g
114,93,142,119,g
119,92,140,118,g
127,95,137,118,g
121,94,140,118,g
113,93,142,118,g
123,91,141,118,g
129,93,138,118,g
115,91,142,118,g
121,92,141,118,g
122,92,140,120,g
132,97,133,120,g
116,91,142,120,g
123,95,136,120,g
119,94,139,120,g
135,100,127,120,g
114,93,140,120,g
136,104,122,120,g
117,94,139,119,g
138,103,124,119,g
110,93,141,119,g
119,94,139,119,g
115,94,140,119,g
110,93,141,119,g
128,98,133,119,g
118,94,140,119,g
114,94,140,119,g
109,93,142,119,g
118,93,140,119,g
127,96,135,119,g
114,94,140,119,g
118,93,140,119,g
109,93,143,119,g
126,96,137,119,g
118,93,141,118,g
110,93,142,118,g
114,94,141,118,g
124,95,138,118,g
118,93,141,118,g
110,93,142,118,g
114,94,141,118,g
125,95,138,118,g
117,94,140,118,g
111,93,143,118,g
114,94,141,118,g
125,95,138,118,g
118,92,141,118,g
112,93,142,118,g
115,94,140,118,g
125,95,138,118,g
119,93,140,119,g
128,97,134,119,g
112,93,142,119,g
116,94,139,119,g
117,94,138,119,g
144,106,120,119,g
112,93,141,119,g
120,95,138,119,g
117,95,138,119,g
143,105,120,119,g
111,93,141,119,g
120,95,138,119,g
118,94,138,119,g
143,105,121,119,g
112,93,140,119,g
120,95,138,119,g
120,95,137,120,g
133,99,129,120,g
114,93,141,120,g
126,97,132,120,g
119,94,138,120,g
134,99,129,120,g
114,93,141,120,g
124,96,134,120,g
119,94,139,120,g
134,99,129,120,g
114,93,141,120,g
122,96,135,120,g
116,93,140,119,g
132,99,130,119,g
111,93,142,119,g
118,94,138,119,g
116,93,140,119,g
134,100,128,119,g
111,93,142,119,g
119,94,138,119,g
116,93,140,119,g
129,97,133,119,g
110,93,141,119,g
118,94,139,119,g
119,92,141,118,g
113,92,142,118,g
125,94,139,118,g
117,94,140,118,g
118,92,141,118,g
112,92,143,118,g
118,94,141,118,g
124,94,139,118,g
116,94,141,117,g
108,93,142,117,g
111,95,140,117,g
121,95,139,117,g
108,94,140,117,g
114,94,140,117,g
109,95,141,117,g
117,95,139,117,g
107,94,140,117,g
108,95,140,117,g
112,94,140,117,g
116,94,139,117,g
106,94,141,117,g
108,95,140,117,g
112,94,140,117,g
116,95,140,117,g
108,95,141,117,g
106,94,141,117,g
112,94,140,117,g
116,95,139,117,g
108,94,141,118,g
105,93,143,118,g
117,94,139,118,g
111,93,140,118,g
111,94,140,118,g
107,93,142,118,g
121,94,139,118,g
114,93,140,118,g
113,94,140,118,g
122,94,138,118,g
109,93,142,118,g
116,94,139,118,g
114,94,140,118,g
124,94,137,118,g
110,93,141,118,g
118,94,138,118,g
115,94,140,119,g
128,96,134,119,g
111,93,141,119,g
119,95,137,119,g
115,93,140,119,g
125,95,136,119,g
110,93,142,119,g
118,94,138,119,g
115,93,140,119,g
125,95,137,119,g
110,93,141,119,g
118,94,139,119,g
112,94,140,118,g
121,95,137,118,g
107,93,143,118,g
114,94,139,118,g
108,94,141,118,g
105,94,142,118,g
111,94,140,118,g
117,94,139,118,g
105,94,141,118,g
108,95,140,118,g
110,94,141,118,g
115,94,140,118,g
105,93,143,118,g
109,94,141,118,g
108,95,140,118,g
115,94,140,118,g
104,94,143,118,g
109,93,143,118,g
108,95,140,118,g
114,95,139,118,g
104,93,144,118,g
109,94,141,118,g
107,95,140,118,g
114,94,140,118,g
103,94,143,118,g
109,94,141,118,g
106,95,143,118,g
114,95,140,118,g
103,93,144,118,g
110,94,141,118,g
106,95,143,118,g
113,95,140,118,g
103,93,145,118,g
111,95,142,118,g
106,95,142,118,g
113,95,140,118,g
104,93,144,118,g
112,94,142,118,g
107,95,141,118,g
114,94,141,118,g
104,93,144,118,g
112,94,142,118,g
108,95,141,118,g
113,95,140,118,g
112,94,142,118,g
104,94,143,118,g
108,95,141,118,g
114,95,140,118,g
106,94,141,119,g
112,93,142,119,g
111,95,140,119,g
117,94,140,119,g
108,93,142,119,g
116,94,140,119,g
123,95,138,119,g
112,94,140,119,g
118,92,141,119,g
126,94,138,119,g
120,94,140,119,g
113,92,142,119,g
119,92,141,119,g
127,94,138,119,g
114,92,142,119,g
120,94,140,119,g
119,91,141,120,g
126,95,137,120,g
114,92,142,120,g
120,94,140,120,g
116,94,140,120,g
112,93,141,120,g
119,94,139,120,g
129,98,133,120,g
114,94,140,120,g
128,98,133,120,g
119,94,139,120,g
110,94,141,120,g
113,94,140,119,g
108,94,141,119,g
123,95,137,119,g
117,94,140,119,g
114,94,140,120,g
109,94,141,120,g
124,96,135,120,g
118,94,140,120,g
114,94,140,120,g
109,93,141,120,g
125,96,136,120,g
118,94,139,120,g
114,94,140,120,g
109,93,142,120,g
124,96,135,120,g
117,95,139,120,g
113,95,139,120,g
125,96,135,120,g
109,93,141,120,g
118,94,139,120,g
114,94,140,120,g
109,93,141,120,g
126,96,135,120,g
118,94,140,120,g
75,153,71,120,b
77,146,77,120,b
89,149,72,120,b
69,153,72,120,b
77,153,70,112,b
72,153,72,112,b
88,151,70,112,b
78,147,76,112,b
75,153,70,112,b
87,152,69,112,b
71,153,72,112,b
76,147,77,112,b
75,153,70,112,b
71,153,72,112,b
85,152,70,112,b
76,147,77,112,b
75,153,70,112,b
70,152,73,112,b
84,152,70,112,b
75,147,77,112,b
74,153,70,112,b
69,152,73,112,b
74,148,76,112,b
82,152,70,112,b
72,154,71,112,b
68,152,73,112,b
81,152,70,112,b
73,148,77,112,b
72,153,72,112,b
68,153,73,112,b
81,152,70,112,b
73,147,77,112,b
71,153,71,112,b
66,153,73,112,b
79,152,70,112,b
72,148,78,112,b
71,153,72,112,b
66,153,73,112,b
79,153,70,112,b
71,148,77,112,b
71,153,72,112,b
66,153,73,112,b
79,153,70,112,b
72,147,78,112,b
71,153,72,112,b
67,153,73,112,b
79,153,70,112,b
71,148,77,112,b
71,153,72,112,b
67,152,73,112,b
79,152,70,112,b
72,148,77,112,b
71,153,71,111,b
67,152,73,111,b
79,153,70,111,b
72,148,77,111,b
72,153,71,111,b
67,153,73,111,b
80,153,70,111,b
72,148,77,111,b
71,154,71,112,b
67,153,73,112,b
80,153,70,112,b
72,148,77,112,b
72,154,71,112,b
68,153,72,112,b
80,153,70,112,b
72,148,77,112,b
74,154,70,111,b
69,153,72,111,b
83,152,70,111,b
74,148,77,111,b
76,153,70,112,b
71,153,72,112,b
86,151,70,112,b
76,148,76,112,b
77,153,70,112,b
72,152,72,112,b
80,146,77,112,b
91,150,70,112,b
77,152,71,111,b
73,152,72,111,b
81,146,78,111,b
93,150,70,111,b
78,153,70,111,b
74,152,72,111,b
97,148,71,111,b
81,145,79,111,b
76,152,72,111,b
79,152,70,111,b
82,145,78,111,b
101,148,71,111,b
81,151,71,111,b
83,145,78,111,b
103,147,72,111,b
77,151,72,111,b
83,151,70,110,b
82,145,78,110,b
101,147,71,110,b
78,150,73,110,b
82,146,78,110,b
99,148,71,110,b
79,150,73,110,b
84,151,71,110,b
81,146,77,109,b
98,148,71,109,b
85,149,72,109,b
80,149,73,109,b
81,146,77,109,b
80,149,73,109,b
87,149,72,109,b
97,149,71,109,b
81,146,77,109,b
87,149,72,109,b
97,149,71,109,b
80,150,73,109,b
81,147,76,105,b
95,150,70,105,b
79,151,72,105,b
87,149,71,105,b
97,149,69,104,b
81,146,76,104,b
79,150,72,104,b
88,149,72,104,b
72,152,72,102,b
75,153,71,102,b
79,145,79,102,b
86,151,70,102,b
80,145,79,106,b
74,150,74,106,b
76,152,71,106,b
86,150,72,106,b
80,145,80,107,b
73,150,74,107,b
86,150,72,107,b
76,152,72,107,b
80,145,79,108,b
73,150,74,108,b
76,152,71,108,b
86,150,72,108,b
73,150,74,108,b
80,144,80,108,b
76,151,72,108,b
85,150,72,108,b
74,149,75,108,b
75,152,72,108,b
79,144,80,108,b
84,150,72,108,b
73,150,74,109,b
78,144,80,109,b
75,152,72,109,b
83,150,72,109,b
70,150,76,110,b
71,152,72,110,b
74,146,79,110,b
79,151,71,110,b
69,150,75,111,b
71,151,73,111,b
74,145,79,111,b
78,152,71,111,b
69,150,76,111,b
70,152,73,111,b
75,145,79,111,b
78,152,71,111,b
68,150,75,111,b
70,152,73,111,b
74,146,79,111,b
78,152,71,111,b
67,151,75,112,b
70,152,74,112,b
73,146,79,112,b
77,152,71,112,b
67,151,75,112,b
69,152,74,112,b
73,146,79,112,b
77,152,71,112,b
67,151,75,112,b
69,152,73,112,b
73,146,79,112,b
77,152,71,112,b
67,150,75,111,b
69,152,73,111,b
73,146,79,111,b
77,152,71,111,b
67,150,75,111,b
69,152,73,111,b
73,146,79,111,b
77,152,72,111,b
67,151,75,111,b
69,152,74,111,b
73,146,79,111,b
77,152,71,111,b
69,152,74,111,b
67,151,75,111,b
73,146,79,111,b
77,152,71,111,b
68,152,74,111,b
66,151,75,111,b
73,146,79,111,b
77,152,72,111,b
69,151,74,111,b
66,151,75,111,b
72,145,80,111,b
77,152,72,111,b
69,152,74,111,b
66,151,75,111,b
72,146,79,111,b
77,152,72,111,b
68,150,75,111,b
69,152,73,111,b
73,146,79,111,b
77,152,71,111,b
72,152,72,111,b
70,151,74,111,b
74,146,79,111,b
79,152,71,111,b
73,152,72,111,b
72,150,75,111,b
75,146,78,111,b
81,151,71,111,b
79,144,81,111,b
75,152,72,111,b
74,149,75,111,b
84,150,72,111,b
74,149,75,111,b
79,144,80,111,b
76,150,73,111,b
85,150,72,111,b
77,144,80,112,b
76,147,77,112,b
77,149,74,112,b
85,148,74,112,b
74,149,75,112,b
78,145,80,112,b
77,150,73,112,b
86,148,73,112,b
80,144,80,112,b
75,149,75,112,b
77,151,72,112,b
85,149,72,112,b
75,151,73,112,b
77,152,71,112,b
79,145,78,112,b
85,151,70,112,b
77,153,70,112,b
79,146,78,112,b
73,152,72,112,b
86,151,70,112,b
82,146,76,112,b
102,148,71,112,b
89,149,72,112,b
81,150,73,112,b
82,146,76,112,b
99,148,71,112,b
89,149,72,112,b
81,149,73,112,b
80,146,77,112,b
88,150,70,112,b
78,149,74,112,b
83,149,72,112,b
76,145,79,112,b
74,148,76,112,b
85,149,73,112,b
79,149,74,112,b
77,144,81,112,b
75,147,78,112,b
77,149,75,112,b
83,149,74,112,b
79,151,72,112,b
83,151,70,112,b
104,147,72,112,b
84,145,78,112,b
80,152,71,112,b
83,145,79,112,b
76,151,73,112,b
96,148,71,112,b
74,151,73,112,b
77,153,70,112,b
80,146,77,112,b
88,151,70,112,b
73,150,74,111,b
74,153,71,111,b
75,146,79,111,b
81,152,71,111,b
70,150,75,111,b
72,151,73,111,b
76,145,79,111,b
79,152,71,111,b
69,150,76,111,b
72,150,74,111,b
74,145,80,111,b
79,151,72,111,b
70,149,76,109,b
74,145,80,109,b
74,150,74,109,b
81,150,73,109,b
71,148,77,109,b
75,149,74,109,b
73,145,80,109,b
82,150,73,109,b
73,146,80,109,b
70,149,76,109,b
74,149,75,109,b
81,150,73,109,b
68,149,77,110,b
71,146,80,110,b
73,149,75,110,b
81,149,74,110,b
67,149,76,110,b
71,146,79,110,b
73,149,75,110,b
80,150,73,110,b
69,150,76,111,b
72,146,80,111,b
76,149,74,111,b
82,149,74,111,b
69,150,75,111,b
73,146,79,111,b
76,149,74,111,b
83,149,74,111,b
73,146,79,111,b
72,148,76,111,b
83,149,74,111,b
77,148,75,111,b
73,144,81,112,b
66,150,76,112,b
73,148,76,112,b
81,148,75,112,b
65,150,76,112,b
70,145,81,112,b
72,149,76,112,b
78,149,74,112,b
65,149,77,112,b
67,146,80,112,b
71,149,76,112,b
79,149,74,112,b
67,150,76,111,b
69,146,79,111,b
73,149,75,111,b
80,149,74,111,b
68,150,76,111,b
70,146,79,111,b
75,149,75,111,b
81,150,73,111,b
69,149,76,111,b
72,146,79,111,b
75,149,75,111,b
81,150,73,111,b
70,149,76,111,b
72,146,79,111,b
76,150,73,111,b
82,150,73,111,b
70,150,75,111,b
73,146,79,111,b
76,149,74,111,b
83,149,73,111,b
69,150,75,112,b
71,146,79,112,b
75,149,74,112,b
82,149,73,112,b
192,128,126,130,w
160,130,127,130,w
190,128,127,130,w
193,128,126,130,w
192,128,126,130,w
160,130,127,130,w
190,128,127,130,w
193,128,126,130,w
192,128,126,130,w
190,128,127,130,w
159,130,127,130,w
193,128,126,130,w
192,128,126,130,w
190,128,127,130,w
159,130,127,130,w
193,128,126,130,w
192,128,126,130,w
190,128,127,130,w
159,131,126,130,w
193,128,126,130,w
191,128,126,130,w
190,128,127,130,w
159,131,126,130,w
193,128,126,130,w
191,128,126,130,w
190,128,127,130,w
159,130,127,130,w
192,128,126,130,w
191,128,126,130,w
189,128,127,130,w
159,130,127,130,w
192,128,126,130,w
190,128,126,130,w
191,128,126,130,w
187,128,127,130,w
157,130,126,130,w
188,128,126,129,w
190,128,126,129,w
185,128,127,129,w
156,130,126,129,w
188,128,126,129,w
189,128,126,129,w
185,128,127,129,w
155,130,127,129,w
187,128,126,130,w
188,128,126,130,w
184,128,127,130,w
154,130,127,130,w
186,128,126,130,w
188,128,126,130,w
184,128,127,130,w
154,131,126,130,w
187,128,125,130,w
188,128,126,130,w
184,128,127,130,w
154,130,126,130,w
186,128,126,130,w
188,128,126,130,w
184,128,127,130,w
154,130,127,130,w
186,128,125,130,w
188,128,126,130,w
184,128,127,130,w
153,131,126,130,w
185,128,125,130,w
187,128,126,130,w
182,128,127,130,w
152,131,126,130,w
185,129,125,130,w
187,128,126,130,w
183,128,127,130,w
152,131,126,130,w
189,128,126,130,w
190,128,126,130,w
186,128,127,130,w
157,130,126,130,w
194,128,126,130,w
161,131,127,130,w
194,128,126,130,w
191,128,127,130,w
195,128,126,130,w
163,131,127,130,w
192,128,127,130,w
196,128,126,130,w
164,130,127,130,w
193,128,127,130,w
196,128,126,130,w
197,129,126,130,w
167,131,126,130,w
197,128,127,130,w
198,128,126,130,w
200,128,126,130,w
169,130,126,130,w
198,128,127,130,w
200,128,125,130,w
202,128,126,130,w
171,130,126,130,w
200,128,127,130,w
201,129,125,130,w
203,129,126,130,w
176,130,126,130,w
203,128,127,130,w
205,128,126,130,w
206,128,126,130,w
178,130,126,131,w
204,128,127,131,w
207,128,126,131,w
208,129,125,131,w
179,130,126,131,w
205,128,127,131,w
207,128,126,131,w
209,129,125,131,w
179,130,126,130,w
205,128,127,130,w
207,128,126,130,w
209,129,126,130,w
180,130,126,131,w
205,128,127,131,w
207,128,125,131,w
209,128,126,131,w
178,130,126,131,w
204,128,127,131,w
206,128,126,131,w
207,129,125,131,w
166,131,126,130,w
195,128,127,130,w
196,128,126,130,w
196,128,126,130,w
189,128,126,131,w
158,131,126,131,w
189,128,126,131,w
186,128,127,131,w
188,128,126,131,w
189,128,126,131,w
156,131,126,131,w
184,128,127,131,w
186,128,125,131,w
187,128,126,131,w
153,131,126,131,w
182,128,127,131,w
185,129,125,131,w
186,129,125,131,w
152,131,126,131,w
180,128,127,131,w
186,128,125,131,w
187,128,126,131,w
153,131,125,131,w
180,128,127,131,w
192,128,126,131,w
193,128,126,131,w
160,131,126,131,w
188,128,127,131,w
198,128,126,131,w
199,128,126,131,w
165,131,127,131,w
195,128,127,131,w
201,128,126,131,w
168,131,127,131,w
202,128,126,131,w
198,128,127,131,w
205,128,126,131,w
171,131,127,131,w
206,128,126,131,w
201,128,127,131,w
210,128,126,131,w
176,130,127,131,w
211,128,126,131,w
206,128,127,131,w
212,128,126,131,w
178,131,127,131,w
213,128,126,131,w
208,128,127,131,w
214,128,126,131,w
180,131,127,131,w
216,128,126,131,w
211,128,127,131,w
216,128,126,131,w
183,130,127,131,w
218,128,125,131,w
213,128,127,131,w
219,128,125,131,w
186,130,127,131,w
221,129,124,131,w
216,128,127,131,w
220,129,125,131,w
186,130,127,131,w
222,129,124,131,w
217,128,127,131,w
221,128,124,131,w
188,130,127,131,w
223,129,125,131,w
218,128,127,131,w
222,129,124,132,w
188,130,126,132,w
224,129,124,132,w
219,128,127,132,w
221,129,124,131,w
187,130,127,131,w
223,129,125,131,w
218,127,127,131,w
218,128,126,131,w
184,131,127,131,w
219,129,125,131,w
214,128,127,131,w
208,128,126,131,w
176,131,127,131,w
209,128,126,131,w
205,128,127,131,w
196,128,126,131,w
165,130,127,131,w
195,128,126,131,w
191,128,127,131,w
189,128,126,131,w
189,128,126,131,w
156,131,126,131,w
184,128,127,131,w
185,128,126,131,w
185,129,125,131,w
181,128,127,131,w
152,131,126,131,w
181,129,125,131,w
181,128,125,131,w
177,128,127,131,w
148,131,125,131,w
180,129,125,131,w
179,129,125,131,w
176,128,127,131,w
147,131,125,131,w
179,129,125,131,w
178,129,125,131,w
174,128,127,131,w
146,131,126,131,w
177,129,125,131,w
176,129,125,131,w
173,128,127,131,w
144,131,125,131,w
175,129,125,130,w
175,129,125,130,w
171,128,127,130,w
143,131,125,130,w
173,129,124,130,w
168,128,127,130,w
172,129,124,130,w
141,131,125,130,w
171,129,124,130,w
167,128,127,130,w
170,129,124,130,w
139,131,125,130,w
169,129,124,130,w
165,128,127,130,w
169,129,124,130,w
139,131,126,130,w
168,129,124,130,w
164,128,127,130,w
167,129,124,130,w
137,131,125,130,w
167,129,124,130,w
162,128,127,130,w
165,129,124,130,w
136,131,125,130,w
164,129,124,130,w
161,128,127,130,w
163,129,124,130,w
134,131,125,130,w
163,129,125,130,w
162,128,127,130,w
162,129,124,130,w
134,131,125,130,w
164,129,125,130,w
163,128,127,130,w
160,129,124,130,w
133,131,125,130,w
164,129,125,130,w
164,128,127,130,w
161,129,124,130,w
134,131,125,130,w
168,129,125,130,w
164,128,127,130,w
166,129,124,130,w
137,131,125,130,w
178,129,125,131,w
173,127,127,131,w
177,129,125,131,w
145,131,126,131,w
184,129,125,131,w
184,129,125,131,w
180,128,127,131,w
152,131,126,131,w
191,128,126,131,w
191,128,126,131,w
187,128,127,131,w
157,131,126,131,w
194,128,126,131,w
194,128,126,131,w
160,131,127,131,w
190,127,127,131,w
196,128,126,131,w
196,128,126,131,w
163,131,127,131,w
192,128,127,131,w
202,128,126,131,w
169,131,127,131,w
203,128,126,131,w
199,128,127,131,w
206,128,126,131,w
173,131,127,131,w
207,128,126,131,w
202,128,127,131,w
209,128,126,131,w
175,131,127,131,w
209,128,126,131,w
205,128,127,131,w
211,128,126,131,w
177,131,127,131,w
212,128,126,131,w
207,128,127,131,w
216,128,126,131,w
182,131,127,131,w
216,129,126,131,w
212,128,127,131,w
221,129,125,132,w
187,130,127,132,w
217,128,127,132,w
221,129,124,132,w
190,130,127,132,w
223,128,125,132,w
220,127,127,132,w
224,129,124,132,w
197,130,126,132,w
226,129,124,132,w
224,127,127,132,w
227,129,123,132,w
206,130,127,132,w
227,129,124,132,w
232,127,127,132,w
230,129,124,132,w
210,129,127,132,w
230,128,124,132,w
235,127,127,132,w
236,129,123,132,w
212,130,127,132,w
232,129,124,132,w
237,127,127,132,w
239,129,124,132,w
213,129,127,132,w
235,128,124,132,w
238,127,127,132,w
240,128,124,132,w
214,129,127,132,w
237,129,124,132,w
238,127,127,132,w
242,128,125,132,w
216,129,127,132,w
242,129,124,132,w
239,127,127,132,w
244,128,126,132,w
216,129,127,132,w
241,128,124,132,w
239,127,127,132,w
244,128,126,132,w
213,129,127,132,w
238,129,124,132,w
237,127,127,132,w
241,128,124,132,w
211,129,127,132,w
230,128,124,132,w
236,127,127,132,w
237,129,123,132,w
206,129,126,132,w
223,129,124,132,w
226,127,127,132,w
227,129,124,132,w
192,130,126,132,w
219,129,125,132,w
218,128,127,132,w
220,129,124,132,w
212,128,126,131,w
179,131,127,131,w
209,128,127,131,w
212,128,126,131,w
210,128,126,131,w
176,131,127,131,w
210,128,126,131,w
206,128,127,131,w
206,128,126,131,w
172,131,127,131,w
206,128,126,131,w
202,128,127,131,w
201,128,126,131,w
168,131,127,131,w
201,128,126,131,w
197,128,127,131,w
201,128,126,132,w
201,129,126,132,w
168,131,127,132,w
196,128,127,132,w
205,128,126,132,w
172,131,127,132,w
205,128,126,132,w
200,128,127,132,w
208,128,126,132,w
174,131,127,132,w
208,128,126,132,w
203,128,127,132,w
211,128,127,132,w
176,131,127,132,w
211,128,126,132,w
206,128,127,132,w
213,128,127,132,w
178,131,127,132,w
213,128,126,132,w
208,128,127,132,w
215,128,127,132,w
180,131,127,132,w
215,128,126,132,w
211,128,127,132,w
226,128,124,132,w
192,130,127,132,w
228,129,124,132,w
221,128,127,132,w
229,128,124,132,w
196,130,126,132,w
232,129,123,132,w
226,127,127,132,w
233,128,123,132,w
199,130,126,132,w
235,129,123,132,w
229,127,127,132,w
234,128,123,132,w
200,130,126,132,w
236,128,123,132,w
230,127,127,132,w
235,128,123,132,w
200,130,126,132,w
238,128,123,132,w
231,127,127,132,w
236,128,123,132,w
202,130,126,132,w
239,128,123,132,w
233,127,127,132,w
237,128,123,132,w
202,130,125,132,w
240,128,123,132,w
234,127,127,132,w
237,128,123,132,w
202,130,126,132,w
240,128,123,132,w
234,127,127,132,w
232,128,123,132,w
199,130,126,132,w
234,129,123,132,w
229,127,127,132,w
228,128,124,132,w
195,130,126,132,w
229,129,124,132,w
224,127,127,132,w
218,128,125,132,w
185,131,127,132,w
218,129,125,132,w
214,128,127,132,w
209,128,126,131,w
177,131,127,131,w
208,128,126,131,w
205,128,127,131,w
202,128,126,131,w
170,131,126,131,w
202,129,126,131,w
199,128,127,131,w
178,129,125,131,w
177,129,125,131,w
174,128,127,131,w
146,131,126,131,w
177,129,125,131,w
176,129,125,131,w
173,128,127,131,w
145,131,126,131,w
176,129,125,131,w
172,128,127,131,w
175,129,125,131,w
144,131,125,131,w
175,129,125,131,w
170,128,127,131,w
174,129,125,131,w
143,131,125,131,w
173,129,125,131,w
169,128,127,131,w
172,129,124,131,w
142,131,125,131,w
172,129,124,131,w
168,128,127,131,w
171,129,124,131,w
141,131,125,131,w
171,129,125,131,w
167,128,127,131,w
169,129,124,131,w
140,131,125,131,w
169,129,124,131,w
166,128,127,131,w
168,129,124,131,w
139,131,125,131,w
169,129,124,131,w
166,128,127,131,w
167,129,125,131,w
138,131,125,131,w
169,129,124,131,w
165,128,127,131,w
167,129,124,131,w
137,131,125,131,w
169,129,124,131,w
165,128,127,131,w
167,129,124,131,w
137,131,125,131,w
170,129,124,131,w
165,128,127,131,w
166,129,124,131,w
137,131,125,131,w
170,129,124,131,w
165,128,127,131,w
166,129,124,131,w
138,131,125,131,w
170,129,124,131,w
165,128,127,131,w
166,129,124,131,w
137,131,125,131,w
170,129,124,131,w
165,128,127,131,w
166,129,125,131,w
137,131,125,131,w
170,129,124,131,w
165,128,127,131,w
166,129,124,131,w
137,131,125,131,w
170,129,124,131,w
166,128,127,131,w
168,129,124,131,w
139,131,125,131,w
176,129,125,131,w
171,128,127,131,w
175,129,125,131,w
144,131,126,131,w
180,129,125,131,w
175,128,127,131,w
178,129,125,131,w
148,131,126,131,w
183,129,125,131,w
179,128,127,131,w
182,129,125,131,w
151,131,126,131,w
186,128,126,131,w
182,128,127,131,w
185,128,126,131,w
153,131,126,131,w
190,128,126,131,w
188,128,126,131,w
185,128,127,131,w
156,131,126,131,w
190,128,126,131,w
191,128,126,131,w
187,128,127,131,w
158,131,126,131,w
192,128,126,131,w
193,128,126,131,w
190,128,127,131,w
160,131,126,131,w
195,128,126,131,w
163,131,127,131,w
196,128,126,131,w
192,128,127,131,w
198,128,126,131,w
165,131,127,131,w
198,128,126,131,w
195,128,127,131,w
201,128,126,131,w
168,131,127,131,w
198,128,127,131,w
201,128,126,131,w
202,128,126,131,w
170,131,127,131,w
200,128,127,131,w
203,128,126,131,w
172,130,127,131,w
204,128,126,131,w
201,128,127,131,w
205,128,126,131,w
172,131,127,131,w
205,128,126,131,w
202,128,127,131,w
206,128,126,131,w
174,130,127,131,w
206,128,126,131,w
204,128,127,131,w
207,128,126,131,w
176,131,127,131,w
208,128,126,131,w
206,128,127,131,w
209,129,126,131,w
178,130,127,131,w
209,128,126,131,w
208,128,127,131,w
211,128,126,131,w
180,130,126,131,w
210,128,126,131,w
209,128,127,131,w
212,128,126,131,w
182,130,126,131,w
210,128,127,131,w
212,128,126,131,w
213,128,126,131,w
185,130,126,131,w
212,127,127,131,w
213,128,126,131,w
214,129,125,131,w
188,130,126,131,w
213,128,127,131,w
214,128,126,131,w
216,129,125,131,w
191,129,126,131,w
215,128,127,131,w
215,128,126,131,w
218,129,124,131,w
192,129,126,131,w
215,128,127,131,w
215,128,126,131,w
218,129,124,131,w
193,129,126,131,w
215,128,127,131,w
215,128,126,131,w
219,129,125,131,w
193,129,125,132,w
216,128,127,132,w
216,129,125,132,w
219,129,124,132,w
194,129,125,132,w
216,127,127,132,w
216,129,125,132,w
219,129,124,132,w
193,129,126,131,w
216,128,127,131,w
215,128,126,131,w
219,129,124,131,w
191,130,126,131,w
215,128,127,131,w
215,128,126,131,w
218,129,124,131,w
189,130,126,131,w
214,128,127,131,w
214,128,126,131,w
216,129,125,131,w
187,130,126,131,w
214,128,126,131,w
213,128,127,131,w
215,129,125,131,w
185,130,127,131,w
213,128,126,131,w
213,128,127,131,w
215,129,125,131,w
181,130,127,131,w
211,128,126,131,w
210,128,127,131,w
212,128,126,131,w
175,131,127,131,w
207,128,126,131,w
204,128,127,131,w
207,128,126,131,w
204,128,126,131,w
172,131,127,131,w
205,128,126,131,w
201,128,127,131,w
202,128,126,131,w
169,131,127,131,w
202,129,126,131,w
198,128,127,131,w
200,128,126,131,w
167,131,126,131,w
200,128,126,131,w
197,128,127,131,w
198,128,126,131,w
198,128,126,131,w
165,131,126,131,w
195,128,127,131,w
196,128,126,131,w
197,128,126,131,w
164,131,126,131,w
193,128,127,131,w
196,128,126,131,w
196,128,126,131,w
163,131,126,131,w
192,128,127,131,w
195,128,126,131,w
196,128,126,131,w
163,131,127,131,w
191,128,127,131,w
194,128,126,131,w
194,128,126,131,w
162,131,126,131,w
191,128,127,131,w
194,128,126,131,w
194,128,126,131,w
161,131,126,131,w
190,128,127,131,w
193,128,126,131,w
193,128,126,131,w
161,131,126,131,w
190,128,127,131,w
193,128,126,131,w
193,128,126,131,w
160,131,126,131,w
190,128,127,131,w
192,128,126,131,w
193,128,126,131,w
160,131,126,131,w
189,128,127,131,w
192,128,126,131,w
192,128,126,131,w
159,131,126,131,w
189,128,127,131,w
192,128,126,131,w
192,128,126,131,w
159,131,126,131,w
188,128,127,131,w
192,128,126,131,w
192,128,126,131,w
159,131,126,131,w
189,128,127,131,w
194,128,126,131,w
194,128,126,131,w
162,131,127,131,w
190,128,127,131,w
197,128,126,131,w
197,128,126,131,w
165,131,126,131,w
193,128,127,131,w
202,128,126,131,w
169,131,127,131,w
202,128,126,131,w
198,128,127,131,w
206,128,126,131,w
173,131,127,131,w
206,128,126,131,w
202,128,127,131,w
209,128,126,131,w
176,130,127,131,w
209,129,126,131,w
205,128,127,131,w
180,131,127,131,w
213,128,126,131,w
210,128,127,131,w
213,128,126,131,w
184,130,127,132,w
216,129,126,132,w
213,128,127,132,w
217,129,125,132,w
188,130,126,132,w
219,128,126,132,w
216,128,127,132,w
220,129,125,132,w
192,130,126,132,w
220,129,125,132,w
218,128,127,132,w
221,129,124,132,w
197,129,126,132,w
221,129,124,132,w
221,128,127,132,w
223,129,124,132,w
206,129,126,132,w
224,129,124,132,w
225,127,127,132,w
227,129,123,132,w
206,129,125,132,w
224,129,124,132,w
225,127,127,132,w
227,129,123,132,w
206,129,125,132,w
224,129,124,132,w
225,127,127,132,w
227,129,124,132,w
206,129,126,132,w
224,129,124,132,w
225,127,127,132,w
227,129,123,132,w
205,129,125,132,w
224,129,125,132,w
224,127,127,132,w
227,129,124,132,w
205,129,125,132,w
224,129,124,132,w
224,127,127,132,w
227,129,124,132,w
204,129,126,132,w
223,129,124,132,w
223,127,127,132,w
226,129,124,132,w
203,129,126,132,w
223,129,124,132,w
223,127,127,132,w
226,129,124,132,w
202,129,125,132,w
223,129,124,132,w
223,128,127,132,w
225,129,124,132,w
199,129,125,132,w
222,129,124,132,w
221,127,127,132,w
224,129,124,132,w
196,130,126,132,w
222,129,124,132,w
221,128,127,132,w
223,129,124,132,w
193,130,126,132,w
221,129,125,132,w
219,128,127,132,w
222,129,124,132,w
192,130,127,132,w
221,129,125,132,w
219,128,127,132,w
222,129,124,132,w
191,130,126,132,w
221,129,125,132,w
218,128,127,132,w
221,129,124,132,w
190,130,126,132,w
220,128,125,132,w
217,128,127,132,w
221,129,124,132,w
188,131,126,132,w
219,128,125,132,w
216,128,127,132,w
220,129,125,132,w
187,130,127,132,w
219,128,126,132,w
216,128,127,132,w
220,129,124,132,w
187,131,126,132,w
219,128,126,132,w
216,128,127,132,w
220,129,124,132,w
187,131,126,132,w
219,128,125,132,w
215,128,127,132,w
220,129,125,132,w
186,131,126,132,w
219,128,126,132,w
215,128,127,132,w
219,129,124,132,w
186,131,127,132,w
218,128,126,132,w
215,128,127,132,w
219,129,125,132,w
184,130,127,132,w
217,128,126,132,w
214,128,127,132,w
217,129,125,132,w
184,131,127,132,w
217,128,126,132,w
213,128,127,132,w
217,129,125,132,w
184,131,127,132,w
217,128,126,132,w
213,128,127,132,w
217,129,125,132,w
184,131,127,132,w
217,128,126,132,w
213,128,127,132,w
217,129,125,132,w
183,131,127,132,w
216,128,126,132,w
213,128,127,132,w
217,129,125,132,w
183,131,127,132,w
216,128,126,132,w
213,128,127,132,w
216,129,125,132,w
183,130,127,132,w
216,128,126,132,w
213,128,127,132,w
217,129,125,132,w
183,131,127,132,w
216,128,126,132,w
213,128,127,132,w
217,129,125,132,w
183,131,127,132,w
216,128,126,132,w
213,128,127,132,w
216,129,125,132,w
183,131,127,132,w
216,128,126,132,w
213,128,127,132,w
216,129,125,132,w
216,128,126,132,w
183,130,127,132,w
213,128,127,132,w
216,129,125,132,w
183,131,127,132,w
216,128,126,132,w
213,128,127,132,w
217,129,125,132,w
183,131,127,132,w
216,128,126,132,w
213,128,127,132,w
216,129,125,132,w
183,130,127,132,w
216,128,126,132,w
213,128,127,132,w
216,129,125,132,w
183,131,127,132,w
216,128,126,132,w
213,128,127,132,w
216,129,125,132,w
183,130,127,132,w
216,128,126,132,w
213,128,127,132,w
216,129,125,132,w
183,131,127,132,w
216,128,126,132,w
213,128,127,132,w
216,129,125,132,w
183,130,127,132,w
216,128,126,132,w
213,128,127,132,w
216,129,125,132,w
216,128,126,132,w
183,131,127,132,w
212,128,127,132,w
216,129,125,132,w
216,128,126,132,w
183,130,127,132,w
213,128,127,132,w
216,129,125,132,w
216,128,126,132,w
182,130,127,132,w
213,127,127,132,w
216,129,125,132,w
216,128,126,132,w
183,130,127,132,w
213,128,127,132,w
216,129,125,132,w
215,128,126,132,w
182,130,127,132,w
212,128,127,132,w
215,129,125,132,w
183,131,127,128,w
213,128,126,128,w
211,128,127,128,w
214,128,126,128,w
94,183,151,132,r
96,184,152,132,r
96,183,150,132,r
95,184,151,132,r
89,180,150,127,r
90,182,152,127,r
89,181,151,127,r
90,181,151,127,r
89,180,151,127,r
90,182,152,127,r
89,182,152,127,r
90,181,151,127,r
89,181,151,128,r
90,182,152,128,r
89,182,151,128,r
90,181,151,128,r
89,181,151,127,r
90,182,153,127,r
89,182,151,127,r
90,181,151,127,r
89,181,151,127,r
90,182,152,127,r
89,182,152,127,r
90,181,151,127,r
89,181,151,127,r
90,182,152,127,r
89,182,151,127,r
90,181,151,127,r
90,181,151,127,r
90,182,153,127,r
90,182,152,127,r
91,182,150,127,r
90,181,151,127,r
90,182,152,127,r
91,182,153,127,r
91,182,150,127,r
91,182,152,127,r
92,183,151,127,r
93,182,150,127,r
93,183,154,127,r
91,182,152,127,r
92,183,152,127,r
93,182,150,127,r
92,183,153,127,r
91,182,152,127,r
92,183,153,127,r
91,182,152,127,r
93,182,150,127,r
88,180,151,127,r
89,181,152,127,r
87,181,151,127,r
89,181,150,127,r
88,180,151,127,r
89,181,151,127,r
87,181,151,127,r
88,180,150,127,r
87,180,150,127,r
88,181,151,127,r
87,180,151,127,r
88,180,150,127,r
87,180,151,127,r
88,181,151,127,r
87,180,150,127,r
87,180,150,127,r
87,180,150,127,r
88,180,151,127,r
87,180,151,127,r
88,180,149,127,r
87,180,150,127,r
88,180,151,127,r
86,180,151,127,r
87,180,149,127,r
87,179,151,127,r
88,180,151,127,r
86,180,150,127,r
87,180,150,127,r
87,179,150,127,r
88,180,151,127,r
86,180,150,127,r
88,180,149,127,r
87,180,150,127,r
88,180,151,127,r
87,180,152,127,r
87,180,150,127,r
87,179,150,127,r
88,180,151,127,r
86,180,150,127,r
87,180,149,127,r
91,181,152,127,r
91,182,152,127,r
93,182,150,127,r
92,182,152,127,r
92,182,153,127,r
92,183,152,127,r
94,182,151,127,r
93,183,153,127,r
93,182,153,126,r
93,183,152,126,r
94,182,150,126,r
94,183,152,126,r
92,182,152,126,r
93,183,152,126,r
95,183,151,126,r
94,183,152,126,r
92,182,152,126,r
92,183,151,126,r
93,182,150,126,r
93,183,153,126,r
91,182,152,126,r
92,183,152,126,r
93,182,150,126,r
93,183,153,126,r
91,182,153,126,r
92,182,152,126,r
93,182,151,126,r
93,183,153,126,r
91,182,152,127,r
91,182,152,127,r
92,183,153,127,r
93,182,150,127,r
93,183,153,127,r
94,183,154,127,r
93,183,152,127,r
95,183,151,127,r
94,183,153,127,r
95,184,154,127,r
96,183,151,127,r
94,184,153,127,r
93,183,153,127,r
95,184,153,127,r
95,183,152,127,r
94,184,153,127,r
93,183,153,127,r
95,184,154,127,r
95,183,153,127,r
93,184,153,127,r
93,183,152,127,r
95,183,153,127,r
94,183,152,127,r
93,184,152,127,r
93,183,153,127,r
95,183,153,127,r
94,183,152,127,r
93,183,153,127,r
93,183,153,127,r
94,183,153,127,r
94,183,152,127,r
93,183,153,127,r
93,182,153,127,r
94,184,153,127,r
94,183,153,127,r
93,183,153,127,r
92,182,152,127,r
94,183,153,127,r
94,183,151,127,r
93,183,153,127,r
93,183,153,127,r
94,183,154,127,r
94,183,152,127,r
92,183,153,127,r
92,182,153,127,r
94,183,154,127,r
93,183,152,127,r
92,183,153,127,r
92,182,152,128,r
94,183,153,128,r
94,183,152,128,r
92,183,153,128,r
90,181,152,114,r
92,183,153,114,r
93,182,151,114,r
91,182,153,114,r
90,182,152,113,r
92,182,154,113,r
93,182,151,113,r
91,182,153,113,r
91,182,153,113,r
93,183,154,113,r
93,182,151,113,r
91,182,154,113,r
115,165,177,120,o
117,164,176,120,o
117,164,176,120,o
116,165,177,120,o
114,165,176,120,o
116,164,176,120,o
116,163,176,120,o
116,165,177,120,o
114,165,176,120,o
116,164,176,120,o
117,163,176,120,o
116,165,177,120,o
113,165,175,121,o
115,164,176,121,o
114,165,177,121,o
115,164,175,121,o
113,165,175,121,o
114,164,176,121,o
114,165,176,121,o
115,164,176,121,o
113,165,176,121,o
114,164,176,121,o
114,165,177,121,o
114,164,175,121,o
112,165,175,121,o
113,164,175,121,o
113,165,176,121,o
114,164,175,121,o
112,165,175,121,o
114,164,175,121,o
113,165,176,121,o
114,164,175,121,o
110,165,175,120,o
112,163,175,120,o
111,165,175,120,o
112,163,174,120,o
110,163,174,120,o
110,163,174,120,o
111,164,175,120,o
111,163,173,120,o
109,164,174,120,o
110,163,174,120,o
110,164,175,120,o
111,163,174,120,o
109,164,174,120,o
110,163,174,120,o
110,164,175,120,o
111,162,174,120,o
109,163,174,120,o
110,163,174,120,o
110,164,175,120,o
110,163,173,120,o
109,164,174,120,o
110,163,174,120,o
110,164,174,120,o
111,163,173,120,o
109,164,174,120,o
110,163,174,120,o
110,164,175,120,o
111,163,174,120,o
109,164,174,120,o
111,163,174,120,o
111,164,174,120,o
111,163,174,120,o
110,164,175,120,o
111,163,174,120,o
111,164,175,120,o
112,163,174,120,o
111,164,175,120,o
112,163,174,120,o
112,164,175,120,o
112,163,174,120,o
111,164,175,120,o
113,163,175,120,o
113,164,176,120,o
113,164,175,120,o
113,164,175,120,o
115,163,175,120,o
114,165,177,120,o
115,163,175,120,o
115,165,177,119,o
117,164,177,119,o
117,164,176,119,o
117,166,177,119,o
120,164,177,119,o
118,166,177,119,o
120,164,177,119,o
120,166,178,119,o
121,164,177,119,o
119,166,178,119,o
121,164,177,119,o
120,166,177,119,o
121,164,178,119,o
119,166,178,119,o
121,164,177,119,o
120,166,178,119,o
120,164,178,119,o
118,166,178,119,o
120,164,177,119,o
120,165,178,119,o
120,163,177,119,o
116,165,176,119,o
119,163,177,119,o
118,165,177,119,o
119,163,177,118,o
115,165,176,118,o
118,163,175,118,o
117,164,176,118,o
117,162,177,119,o
114,164,176,119,o
118,162,175,119,o
116,164,175,119,o
115,162,176,119,o
112,164,175,119,o
117,162,174,119,o
114,164,174,119,o
115,163,175,119,o
112,164,175,119,o
117,161,174,119,o
114,163,174,119,o
114,162,175,119,o
111,163,175,119,o
116,161,173,119,o
114,163,174,119,o
113,162,174,119,o
111,163,175,119,o
116,161,173,119,o
113,163,173,119,o
113,161,174,118,o
111,163,174,118,o
115,160,172,118,o
113,163,172,118,o
113,161,174,118,o
111,163,174,118,o
115,160,173,118,o
112,163,172,118,o
121,163,178,118,o
117,165,177,118,o
120,163,176,118,o
119,165,177,118,o
128,164,179,118,o
126,165,180,118,o
124,167,181,118,o
126,166,180,118,o
131,165,181,119,o
129,167,182,119,o
129,165,181,119,o
127,167,181,119,o
134,165,182,119,o
132,167,183,119,o
132,166,182,119,o
130,168,182,119,o
129,167,181,119,o
129,165,182,119,o
126,167,181,119,o
127,166,181,119,o
127,166,180,119,o
126,165,180,119,o
123,167,180,119,o
124,165,180,119,o
120,166,179,119,o
123,165,179,119,o
122,164,178,119,o
120,165,178,119,o
118,166,178,119,o
120,166,178,119,o
119,164,177,119,o
118,165,178,119,o
117,165,177,119,o
120,166,178,119,o
119,164,177,119,o
117,165,177,119,o
117,166,178,119,o
120,166,179,119,o
119,164,177,119,o
118,165,178,119,o
122,166,179,119,o
119,167,178,119,o
121,164,179,119,o
120,165,178,119,o
122,167,180,119,o
124,167,180,119,o
124,165,179,119,o
123,165,179,119,o
125,165,180,118,o
123,167,180,118,o
125,167,180,118,o
124,165,179,118,o
125,165,180,118,o
122,167,179,118,o
124,167,180,118,o
124,165,179,118,o
122,167,180,119,o
124,167,180,119,o
124,165,179,119,o
123,165,178,119,o
122,166,179,119,o
119,167,178,119,o
122,165,179,119,o
120,165,178,119,o
122,166,179,119,o
119,166,178,119,o
121,164,178,119,o
119,165,178,119,o
121,166,179,119,o
118,165,176,119,o
119,164,177,119,o
118,165,177,119,o
121,166,179,119,o
118,165,177,119,o
119,164,177,119,o
118,165,177,119,o
121,166,179,119,o
119,165,177,119,o
119,164,177,119,o
118,165,177,119,o
95,184,152,117,r
95,184,152,117,r
94,184,150,117,r
94,184,151,117,r
95,185,152,117,r
95,184,152,117,r
94,184,151,117,r
94,184,151,117,r
95,185,153,117,r
95,184,153,117,r
94,184,151,117,r
94,183,150,117,r
95,184,152,117,r
95,184,153,117,r
94,184,151,117,r
94,183,150,117,r
95,184,151,117,r
95,184,152,117,r
94,184,150,117,r
94,184,151,117,r
95,184,153,117,r
95,184,152,117,r
94,184,151,117,r
94,184,151,117,r
95,184,152,117,r
94,184,152,117,r
94,184,152,117,r
94,184,149,117,r
95,185,153,117,r
95,184,152,117,r
94,184,150,117,r
93,184,151,117,r
94,184,152,117,r
95,184,152,117,r
93,183,150,117,r
93,184,151,117,r
94,184,153,117,r
94,184,151,117,r
93,183,150,117,r
93,183,152,117,r
94,184,152,117,r
94,184,153,117,r
93,183,151,117,r
93,183,150,117,r
94,184,153,117,r
94,184,152,117,r
93,183,150,117,r
93,183,151,117,r
93,184,152,117,r
94,184,152,117,r
93,183,150,117,r
93,183,150,117,r
93,184,153,117,r
94,183,151,117,r
93,183,150,117,r
92,183,151,117,r
93,184,152,117,r
94,184,152,117,r
93,183,151,117,r
93,183,151,117,r
94,183,152,117,r
93,184,152,117,r
93,184,150,117,r
93,183,151,117,r
94,183,151,117,r
93,184,153,117,r
93,183,150,117,r
92,184,150,117,r
94,183,152,117,r
93,184,152,117,r
93,183,151,117,r
93,183,150,117,r
94,183,152,117,r
93,184,152,117,r
92,183,150,117,r
93,183,150,117,r
94,184,152,117,r
93,184,153,117,r
93,184,150,117,r
93,183,151,117,r
94,183,152,117,r
93,184,153,117,r
93,183,151,117,r
93,183,150,117,r
93,184,153,117,r
94,184,152,117,r
93,183,152,117,r
93,183,150,117,r
93,184,153,117,r
93,183,151,117,r
93,183,150,117,r
92,183,150,117,r
92,184,153,117,r
93,183,152,117,r
92,183,151,117,r
92,182,150,117,r
92,184,153,117,r
92,183,151,117,r
91,183,151,117,r
92,183,149,117,r
91,184,152,117,r
91,182,150,117,r
91,183,151,117,r
91,182,150,117,r
91,183,153,117,r
91,182,152,117,r
91,182,151,117,r
91,182,149,117,r
91,183,153,117,r
92,182,151,117,r
90,182,150,117,r
91,182,149,117,r
91,183,153,117,r
91,182,150,117,r
90,182,151,117,r
91,182,150,117,r
90,183,153,117,r
91,182,151,117,r
91,182,150,117,r
90,182,150,117,r
91,183,153,117,r
90,182,151,117,r
90,182,150,117,r
91,182,150,117,r
91,183,153,117,r
90,182,150,117,r
91,182,149,117,r
90,182,151,117,r
90,183,153,117,r
90,182,150,117,r
90,181,150,117,r
90,182,150,117,r
89,182,153,118,r
89,181,149,118,r
90,181,149,118,r
89,181,150,118,r
89,181,151,118,r
89,181,149,118,r
90,181,149,118,r
89,181,151,118,r
89,182,150,118,r
89,181,150,118,r
90,181,149,118,r
89,181,149,118,r
90,181,148,118,r
89,180,148,118,r
90,181,149,118,r
89,181,150,118,r
90,181,149,118,r
89,180,148,118,r
89,180,149,118,r
89,181,150,118,r
90,181,151,118,r
89,181,149,118,r
90,181,149,118,r
89,181,150,118,r
91,183,153,118,r
91,182,151,118,r
92,182,151,118,r
91,182,150,118,r
93,184,153,118,r
93,183,152,118,r
93,183,151,118,r
92,183,151,118,r
95,185,154,117,r
95,184,152,117,r
95,183,149,117,r
94,184,152,117,r
100,187,152,117,r
100,186,152,117,r
100,187,152,117,r
100,186,154,117,r
100,187,153,117,r
100,186,153,117,r
100,187,154,117,r
100,187,152,117,r
100,186,153,117,r
99,186,153,117,r
99,186,152,117,r
99,186,152,117,r
99,186,153,117,r
99,186,151,117,r
99,186,153,117,r
99,186,152,117,r
99,186,153,117,r
98,186,152,117,r
99,186,154,117,r
98,186,153,117,r
98,186,153,117,r
98,186,153,117,r
97,185,151,117,r
98,186,152,117,r
95,185,153,117,r
95,185,152,117,r
95,184,151,117,r
95,185,151,117,r
95,185,153,117,r
95,184,152,117,r
95,184,151,117,r
95,184,152,117,r
93,184,153,117,r
93,183,152,117,r
93,183,150,117,r
92,183,152,117,r
94,184,153,118,r
95,184,152,118,r
94,183,150,118,r
93,184,150,118,r
95,185,153,118,r
95,184,152,118,r
94,183,151,118,r
94,184,151,118,r
95,185,153,118,r
95,184,152,118,r
94,184,150,118,r
94,184,151,118,r
95,185,153,117,r
95,184,152,117,r
95,184,150,117,r
94,184,151,117,r
95,184,152,117,r
95,184,152,117,r
94,183,151,117,r
94,184,152,117,r
94,184,152,117,r
94,183,153,117,r
93,183,150,117,r
94,184,150,117,r
94,184,152,116,r
94,184,152,116,r
93,183,150,116,r
93,183,151,116,r
94,184,152,116,r
94,184,152,116,r
94,183,151,116,r
94,184,151,116,r
94,184,153,116,r
94,184,152,116,r
94,184,151,116,r
94,184,150,116,r
95,184,152,116,r
95,184,152,116,r
94,184,151,116,r
94,184,150,116,r
121,166,178,118,o
120,167,178,118,o
122,167,178,118,o
122,167,178,118,o
120,166,177,118,o
120,168,178,118,o
121,166,178,118,o
123,167,178,118,o
120,167,179,118,o
120,166,178,118,o
122,166,178,118,o
122,167,178,118,o
120,168,179,118,o
120,166,178,118,o
122,166,178,118,o
122,168,178,118,o
120,168,179,118,o
120,166,178,118,o
122,167,178,118,o
122,168,178,118,o
120,167,179,118,o
120,166,178,118,o
121,166,178,118,o
122,167,178,118,o
120,168,179,118,o
120,166,177,118,o
121,166,178,118,o
122,168,178,118,o
120,168,178,118,o
120,166,177,118,o
121,166,177,118,o
122,167,178,118,o
119,167,178,118,o
119,166,177,118,o
121,166,178,118,o
122,168,178,118,o
120,168,179,118,o
120,166,177,118,o
121,166,178,118,o
121,168,177,118,o
119,168,178,118,o
119,166,177,118,o
121,167,177,118,o
120,166,178,118,o
119,167,178,117,o
119,166,177,117,o
121,167,178,117,o
120,166,177,117,o
118,167,177,117,o
118,166,177,117,o
119,166,177,117,o
120,168,177,117,o
117,167,178,118,o
118,165,177,118,o
118,166,177,118,o
118,167,177,118,o
115,166,177,118,o
115,165,175,118,o
117,167,177,118,o
116,165,174,118,o
113,166,176,118,o
113,165,176,118,o
115,165,175,118,o
115,166,176,118,o
112,166,176,118,o
112,165,176,118,o
114,166,176,118,o
113,164,175,118,o
112,165,176,118,o
112,164,176,118,o
114,165,175,118,o
113,165,175,118,o
112,165,176,118,o
112,164,175,118,o
114,165,176,118,o
113,164,174,118,o
111,166,176,118,o
111,165,175,118,o
114,166,176,118,o
112,164,174,118,o
112,165,176,118,o
111,164,175,118,o
114,165,176,118,o
112,164,175,118,o
112,165,176,119,o
111,165,175,119,o
114,166,175,119,o
112,164,175,119,o
111,165,175,119,o
111,164,175,119,o
114,165,175,119,o
112,164,174,119,o
111,165,176,119,o
111,164,175,119,o
114,165,175,119,o
112,165,174,119,o
112,165,176,119,o
111,164,176,119,o
114,165,174,119,o
112,164,175,119,o
112,165,175,119,o
111,164,175,119,o
114,165,175,119,o
112,164,174,119,o
112,165,176,119,o
112,165,176,119,o
114,166,175,119,o
112,165,174,119,o
113,166,177,119,o
113,165,176,119,o
115,166,176,119,o
114,165,174,119,o
116,166,176,119,o
116,167,178,119,o
117,165,176,119,o
118,167,177,119,o
122,166,177,119,o
121,168,179,119,o
122,167,178,119,o
123,168,179,119,o
127,167,181,119,o
125,167,180,119,o
125,168,180,119,o
127,169,181,119,o
130,167,181,119,o
128,168,181,119,o
130,169,182,119,o
128,168,181,119,o
132,167,182,119,o
130,167,182,119,o
131,169,182,119,o
129,169,182,119,o
137,166,180,119,o
135,168,183,119,o
132,167,182,119,o
132,169,183,119,o
144,163,176,119,o
136,167,183,119,o
139,167,182,119,o
135,168,184,119,o
155,158,164,120,o
141,166,182,120,o
144,165,178,120,o
137,169,184,120,o
164,158,165,120,o
153,162,175,120,o
163,158,159,120,o
145,167,183,120,o
137,165,180,119,o
133,167,183,119,o
135,169,183,119,o
131,169,183,119,o
133,167,182,119,o
130,168,182,119,o
132,169,182,119,o
129,168,182,119,o
130,167,181,119,o
128,167,181,119,o
130,168,181,119,o
128,168,181,119,o
129,167,180,119,o
127,168,181,119,o
129,168,181,119,o
127,168,181,119,o
129,167,181,119,o
126,167,181,119,o
129,168,180,119,o
126,168,181,119,o
128,167,181,119,o
126,167,181,119,o
128,168,180,119,o
126,168,181,119,o
126,167,181,119,o
124,167,180,119,o
127,168,180,119,o
124,168,180,119,o
121,167,178,119,o
121,168,179,119,o
123,167,178,119,o
122,167,178,119,o
119,167,178,119,o
119,166,177,119,o
120,166,177,119,o
121,167,177,119,o
118,167,178,119,o
118,166,177,119,o
120,167,177,119,o
119,166,177,119,o
117,167,178,119,o
117,166,177,119,o
119,167,177,119,o
118,166,177,119,o
117,166,178,119,o
116,166,176,119,o
118,167,177,119,o
117,166,177,119,o
116,167,177,119,o
116,165,177,119,o
117,166,176,119,o
117,167,176,119,o
116,166,177,119,o
115,166,176,119,o
117,167,176,119,o
116,166,176,119,o
115,166,176,119,o
115,165,175,119,o
117,167,177,119,o
115,165,176,119,o
115,166,176,119,o
114,165,176,119,o
116,166,176,119,o
114,165,176,119,o
114,166,177,119,o
113,165,176,119,o
116,166,176,119,o
114,166,175,119,o
114,166,176,119,o
113,165,175,119,o
115,166,176,119,o
113,165,176,119,o
114,166,176,119,o
113,165,176,119,o
115,166,176,119,o
113,165,175,119,o
114,166,176,119,o
112,165,175,119,o
115,166,176,119,o
113,165,175,119,o
113,165,176,119,o
112,165,175,119,o
114,166,175,119,o
112,165,175,119,o
112,165,175,119,o
111,165,175,119,o
113,166,175,119,o
112,165,175,119,o
111,165,175,119,o
110,164,175,119,o
112,165,174,119,o
110,165,175,119,o
110,165,174,119,o
109,164,174,119,o
112,165,174,119,o
109,164,174,119,o
110,165,174,119,o
109,164,175,119,o
111,165,174,119,o
109,164,174,119,o
110,165,174,119,o
108,164,174,119,o
111,165,173,119,o
109,164,174,119,o
110,164,174,119,o
108,164,174,119,o
111,165,173,119,o
108,164,173,119,o
110,165,174,119,o
111,165,174,119,o
108,164,174,119,o
108,164,173,119,o
109,164,174,119,o
110,165,173,119,o
108,164,174,119,o
108,164,174,119,o
108,164,173,119,o
110,165,173,119,o
107,164,173,119,o
108,164,173,119,o
108,164,173,119,o
110,164,173,119,o
106,164,173,119,o
108,164,173,119,o
107,164,173,119,o
109,164,173,119,o
106,164,173,119,o
108,164,174,119,o
107,164,173,119,o
109,164,172,119,o
106,164,172,119,o
108,164,173,119,o
108,164,172,119,o
110,165,173,119,o
107,164,173,119,o
109,164,173,119,o
109,164,174,119,o
111,165,174,119,o
108,164,174,119,o
109,164,174,119,o
119,167,177,119,o
118,165,176,119,o
119,166,177,119,o
119,167,177,119,o
119,167,178,119,o
120,166,177,119,o
120,166,178,119,o
120,168,178,119,o
120,166,177,119,o
120,167,178,119,o
121,166,178,119,o
121,168,178,119,o
121,166,177,119,o
120,167,178,119,o
121,166,177,119,o
121,168,178,119,o
121,166,178,119,o
121,167,178,119,o
122,166,178,119,o
122,168,178,119,o
122,166,178,119,o
121,167,178,119,o
122,166,178,119,o
123,168,179,119,o
122,166,178,119,o
122,167,179,119,o
123,166,178,119,o
124,168,179,119,o
123,167,179,119,o
123,167,179,119,o
125,166,179,119,o
125,168,179,119,o
125,166,180,119,o
125,168,180,119,o
126,166,179,119,o
126,168,180,119,o
126,166,179,120,o
125,168,180,120,o
127,166,179,120,o
127,168,180,120,o
127,167,179,120,o
128,166,180,120,o
126,168,181,120,o
128,168,181,120,o
128,167,180,120,o
129,167,180,120,o
127,168,181,120,o
129,168,181,120,o
130,167,182,120,o
130,167,181,120,o
129,168,182,120,o
130,169,182,120,o
131,167,182,120,o
132,167,182,120,o
130,168,182,120,o
131,169,182,120,o
133,167,183,120,o
133,167,183,120,o
132,169,183,120,o
133,169,183,120,o
134,168,184,120,o
135,168,184,120,o
133,169,183,120,o
135,169,184,120,o
135,168,185,120,o
136,168,185,120,o
135,169,185,120,o
136,169,185,120,o
139,168,186,120,o
140,168,186,120,o
139,169,186,120,o
140,170,186,120,o
139,168,186,120,o
141,168,186,120,o
139,169,186,120,o
140,170,187,120,o
140,167,186,120,o
141,168,186,120,o
139,170,186,120,o
140,170,187,120,o
132,167,182,120,o
133,167,183,120,o
131,168,183,120,o
132,169,183,120,o
129,167,180,120,o
130,167,181,120,o
128,168,181,120,o
130,168,182,120,o
126,167,179,120,o
127,166,180,120,o
125,168,180,120,o
127,168,180,120,o
125,167,179,120,o
124,167,180,120,o
125,167,179,120,o
126,167,179,120,o
124,166,179,120,o
124,167,179,120,o
126,166,180,120,o
126,168,179,120,o
124,167,179,120,o
124,167,179,120,o
125,167,179,120,o
126,167,179,120,o
124,166,179,120,o
124,167,179,120,o
125,166,179,120,o
125,168,179,120,o
125,166,179,120,o
125,167,180,120,o
124,167,179,120,o
125,168,179,120,o
125,167,179,120,o
124,167,179,120,o
125,167,180,120,o
125,168,180,120,o
125,166,179,120,o
124,168,179,120,o
125,167,180,120,o
124,168,179,120,o
126,167,179,122,o
124,168,179,122,o
126,167,181,122,o
126,168,179,122,o
125,167,179,122,o
124,168,179,122,o
126,167,181,122,o
126,167,179,122,o
126,166,179,123,o
123,168,179,123,o
125,167,180,123,o
125,167,179,123,o
125,167,179,123,o
124,168,179,123,o
125,167,180,123,o
126,167,179,123,o
125,167,180,123,o
124,167,179,123,o
125,167,180,123,o
126,167,179,123,o
124,167,178,116,o
122,167,179,116,o
125,167,180,116,o
125,168,178,116,o
124,167,179,116,o
121,168,178,116,o
124,167,179,116,o
124,168,178,116,o
124,167,178,116,o
124,167,181,116,o
121,168,178,116,o
124,168,179,116,o
